(2, 0) | 2 |  ` [1. 0. 0. 0. 0. 0. 0.] ` [   835.85068219  -6460.14931781 -11862.14931781 -17963.14931781
 -28909.14931781 -32009.14931781 -49209.14931781]
(3, 0) | 2 | 1x, ` [1. 0. 0. 0. 0. 0. 0.] ` [  918.11332152  -661.26535994 -1666.3004351  -2200.36913425
 -2612.47269695 -3850.10271489 -5145.17939004]
(2, 0) | 2 | 1x,01, ` [1. 0. 0. 0. 0. 0. 0. 0.] ` [  187.16499492  -398.20708066 -1709.04208715 -2733.70780031
 -3308.13592224 -4442.35609598 -5346.39142803 -8211.06228379]
(3, 0) | 2 | 1x,01,11, ` [0.14411048 0.66611216 0.18977737] ` [ 7.42259548 34.30896391  9.77472746]
(2, 0) | 2 | 1x,01,11,0A, ` [1. 0.] ` [   25.81050683 -6563.8291594 ]
(3, 0) | 2 | 1x,01,12, ` [0.35540619 0.64459381 0.        ] ` [ 19.87651978  36.04968599 -19.30178087]
(2, 0) | 2 | 1x,01,12,0A, ` [1. 0.] ` [   45.52875903 -5030.10258834]
(3, 0) | 2 | 1x,01,13, ` [0.55255302 0.44744698 0.        ] ` [  43.32747865   35.08577188 -132.63206491]
(2, 0) | 2 | 1x,01,13,0A, ` [1. 0.] ` [   46.61593266 -4547.11293197]
(3, 0) | 2 | 1x,01,14, ` [0.64773278 0.35226722 0.        ] ` [ 39.51031363  21.48754634 -39.17720801]
(2, 0) | 2 | 1x,01,14,0A, ` [1. 0.] ` [   48.80484739 -3399.59949463]
(3, 0) | 2 | 1x,01,15, ` [0.63148378 0.36851622 0.        ] ` [ 35.05327318  20.45610666 -23.86509889]
(2, 0) | 2 | 1x,01,15,0A, ` [1. 0.] ` [   65.14682746 -2681.15121579]
(3, 0) | 2 | 1x,01,1A, ` [1. 0.] ` [  567.67458414 -3059.68736913]
(2, 0) | 2 | 1x,02, ` [1. 0. 0. 0. 0. 0. 0.] ` [  484.08441447  -402.03961514 -1956.80873094 -2722.10511635
 -3402.42153817 -4108.72325396 -5965.7612322 ]
(3, 0) | 2 | 1x,02,12, ` [0.         0.71477441 0.28522559] ` [-17.04295107  47.11207863  18.79973631]
(2, 0) | 2 | 1x,02,12,0A, ` [1. 0.] ` [  144.33409683 -2786.15700026]
(3, 0) | 2 | 1x,02,13, ` [0.16105378 0.83894622 0.        ] ` [ 15.31857134  79.79606469 -99.21775035]
(2, 0) | 2 | 1x,02,13,0A, ` [1. 0.] ` [  171.65360848 -2282.64330282]
(3, 0) | 2 | 1x,02,14, ` [0.39467384 0.60532616 0.        ] ` [  54.90223721   84.20563306 -203.75772682]
(2, 0) | 2 | 1x,02,14,0A, ` [1. 0.] ` [  168.30253254 -1504.75983159]
(3, 0) | 2 | 1x,02,15, ` [0.         0.47615653 0.52384347] ` [-60.66765004  63.95389372  70.35885831]
(2, 0) | 2 | 1x,02,15,0A, ` [1. 0.] ` [  139.31183753 -1536.76479984]
(3, 0) | 2 | 1x,02,1A, ` [1. 0.] ` [  353.85367936 -2597.45033356]
(2, 0) | 2 | 1x,03, ` [1. 0. 0. 0. 0. 0.] ` [  600.68162745 -1264.07578597 -5336.26719219 -6144.18587518
 -7948.17000125 -8603.38650953]
(3, 0) | 2 | 1x,03,13, ` [0.         0.56436128 0.43563872] ` [-44.73957388  37.81536534  29.19023308]
(2, 0) | 2 | 1x,03,13,0A, ` [1. 0.] ` [  302.03311112 -1841.82394743]
(3, 0) | 2 | 1x,03,14, ` [0.         0.61840948 0.38159052] ` [-26.60213177  60.63239724  37.41331322]
(2, 0) | 2 | 1x,03,14,0A, ` [1. 0.] ` [  163.18453861 -1239.73833821]
(3, 0) | 2 | 1x,03,15, ` [0. 1. 0.] ` [-111.51422158   28.75072641 -918.49767684]
(2, 0) | 2 | 1x,03,15,0A, ` [1. 0.] ` [ 379.84566984 -275.92311158]
(3, 0) | 2 | 1x,03,1A, ` [1. 0.] ` [  242.89143667 -1328.77293612]
(2, 0) | 2 | 1x,04, ` [1. 0. 0. 0. 0.] ` [  722.89428072 -1617.7636286  -5549.68539593 -6672.34482458
 -7832.16039026]
(3, 0) | 2 | 1x,04,14, ` [0.54335988 0.45664012 0.        ] ` [  16.24283914   13.65049608 -223.7623972 ]
(2, 0) | 2 | 1x,04,14,0A, ` [1. 0.] ` [  92.49801278 -481.57727313]
(3, 0) | 2 | 1x,04,15, ` [0.75107369 0.24892631 0.        ] ` [  36.06715208   11.95363799 -279.99076172]
(2, 0) | 2 | 1x,04,15,0A, ` [0.80234174 0.19765826] ` [46.39128031 11.42857143]
(3, 0) | 2 | 1x,04,1A, ` [1. 0.] ` [ 606.8015406  -518.70911977]
(2, 0) | 2 | 1x,05, ` [1. 0. 0. 0.] ` [   276.86485168  -5453.95234013 -15974.03791011 -16895.98979255]
(3, 0) | 2 | 1x,05,15, ` [0.         0.56472067 0.43527933] ` [-880.31915207   45.44998215   35.03225339]
(2, 0) | 2 | 1x,05,15,0A, ` [0. 1.] ` [-1062.78529286    11.9047619 ]
(3, 0) | 2 | 1x,05,1A, ` [0.70786361 0.29213639] ` [172.17418426  71.05654802]
(2, 0) | 2 | 1x,0A, ` [1. 0.] ` [   665.11900031 -11528.93626069]
(3, 0) | 2 | 11, ` [0.45172403 0.46145359 0.         0.         0.         0.
 0.         0.08682238] ` [  783.21015627   800.07949646  -804.42986102 -1881.51343553
 -2968.17291436 -4053.02046459 -5133.01024345   150.53475341]
(2, 0) | 2 | 11,01, ` [0.75664471 0.24335529 0.        ] ` [  157.32834474    50.60061187 -2607.9474445 ]
(3, 0) | 2 | 11,01,1A, ` [1. 0.] ` [  142.48343045 -5064.99974027]
(2, 0) | 2 | 11,02, ` [1. 0. 0.] ` [  187.3516248   -424.90326732 -3967.36841022]
(3, 0) | 2 | 11,02,1A, ` [1. 0.] ` [  119.324811   -4109.30888691]
(2, 0) | 2 | 11,03, ` [1. 0. 0.] ` [   233.92106127  -1676.82462562 -10407.77206471]
(3, 0) | 2 | 11,03,1A, ` [1. 0.] ` [  527.34969562 -2089.87465567]
(2, 0) | 2 | 11,04, ` [1. 0. 0.] ` [  175.03370273  -673.4039595  -3362.14905698]
(3, 0) | 2 | 11,04,1A, ` [1. 0.] ` [  538.141363   -1407.85861703]
(2, 0) | 2 | 11,05, ` [1. 0. 0.] ` [  164.77956098  -577.92235292 -1957.82769669]
(3, 0) | 2 | 11,05,1A, ` [1. 0.] ` [736.67961357 -14.9149354 ]
(2, 0) | 2 | 11,0A, ` [1. 0.] ` [   279.39694824 -28210.90373324]
(3, 0) | 2 | 12, ` [0.67579548 0.32420452 0.         0.         0.         0.
 0.        ] ` [  267.04552854   128.11178711  -460.90465094  -618.01832093
  -873.3383407   -970.76341402 -1271.71518555]
(2, 0) | 2 | 12,02, ` [1. 0. 0.] ` [   73.25595605  -438.33862768 -6153.29184101]
(3, 0) | 2 | 12,02,1A, ` [1. 0.] ` [  72.99620329 -414.55520308]
(2, 0) | 2 | 12,03, ` [1. 0. 0.] ` [   64.15694722  -523.54225353 -3350.51024341]
(3, 0) | 2 | 12,03,1A, ` [1. 0.] ` [  85.75754244 -327.89352566]
(2, 0) | 2 | 12,04, ` [1. 0. 0.] ` [   66.58363951 -1519.31022547 -5927.95202024]
(3, 0) | 2 | 12,04,1A, ` [1. 0.] ` [102.84216246 -76.95228856]
(2, 0) | 2 | 12,05, ` [1. 0. 0.] ` [   41.98429802 -1324.39033386 -3946.54523434]
(3, 0) | 2 | 12,05,1A, ` [0.67107103 0.32892897] ` [92.37019172 45.27573251]
(2, 0) | 2 | 12,0A, ` [1. 0.] ` [   722.84374828 -21539.86303119]
(3, 0) | 2 | 13, ` [0.78268845 0.21731155 0.         0.         0.         0.        ] ` [ 124.25776431   34.49986777 -408.05896286 -465.57579074 -428.7734087
 -292.00273918]
(2, 0) | 2 | 13,03, ` [1. 0. 0.] ` [   95.64779828 -1064.33338225 -8184.02824923]
(3, 0) | 2 | 13,03,1A, ` [0. 1.] ` [-93.85553967  64.53486586]
(2, 0) | 2 | 13,04, ` [1. 0. 0.] ` [  124.29357338  -386.48626025 -1655.14161264]
(3, 0) | 2 | 13,04,1A, ` [0. 1.] ` [-81.53878502  70.8559054 ]
(2, 0) | 2 | 13,05, ` [1. 0. 0.] ` [   94.28410842 -1083.70705894 -3171.9179012 ]
(3, 0) | 2 | 13,05,1A, ` [0. 1.] ` [-170.34772949   74.09734511]
(2, 0) | 2 | 13,0A, ` [1. 0.] ` [  1011.5893714  -22108.96710717]
(3, 0) | 2 | 14, ` [0.72937542 0.27062458 0.         0.         0.        ] ` [ 245.89876597   91.23731073 -242.44158152 -265.40910252 -292.78232895]
(2, 0) | 2 | 14,04, ` [1. 0. 0.] ` [  101.95764305  -547.86559252 -2512.88039402]
(3, 0) | 2 | 14,04,1A, ` [0. 1.] ` [-295.52931108   63.01569607]
(2, 0) | 2 | 14,05, ` [1. 0. 0.] ` [   73.92209526 -1065.63525515 -3183.53086129]
(3, 0) | 2 | 14,05,1A, ` [0. 1.] ` [-365.54863384   65.37953131]
(2, 0) | 2 | 14,0A, ` [1. 0.] ` [  1078.4117705  -27366.55657777]
(3, 0) | 2 | 15, ` [1. 0. 0. 0.] ` [  435.51346851  -606.15576781 -2616.17460744 -2476.22773475]
(2, 0) | 2 | 15,05, ` [1. 0. 0.] ` [  137.07315779  -944.87030808 -2356.79225228]
(3, 0) | 2 | 15,05,1A, ` [0. 1.] ` [-1404.94766962    39.12939625]
(2, 0) | 2 | 15,0A, ` [1. 0.] ` [   938.53855188 -23961.65299362]
(3, 0) | 2 | 1A, ` [1. 0.] ` [  475.64767636 -4658.5983227 ]
(2, 1) | 2 |  ` [1. 0. 0. 0. 0. 0. 0.] ` [   726.90356785   -436.09643215  -1636.09643215  -2666.09643215
  -4512.09643215  -5187.09643215 -13828.09643215]
(4, 0) | 2 | 1x, ` [0.         0.26025906 0.13214243 0.35502473 0.09789972 0.13068023
 0.02399384] ` [-2187.85243265   281.13259428   142.74063317   383.49874978
   105.75155813   141.16116763    25.91821268]
(2, 1) | 2 | 1x,01, ` [0.56908481 0.43091519 0.         0.         0.         0.
 0.         0.        ] ` [  305.45525653   231.29295695  -171.18546274  -474.43570588
  -324.16546349  -709.91002531  -742.54049096 -1246.92895765]
(4, 0) | 2 | 1x,01,11, ` [0. 0. 1.] ` [-122.15784393  -56.83817999    9.92547916]
(2, 1) | 2 | 1x,01,11,0A, ` [1. 0.] ` [ 166.7977568  -878.45623192]
(4, 0) | 2 | 1x,01,12, ` [0. 0. 1.] ` [-228.64895354 -117.10680713    5.59587206]
(2, 1) | 2 | 1x,01,12,0A, ` [1. 0.] ` [ 118.90315014 -891.98259606]
(4, 0) | 2 | 1x,01,13, ` [0. 0. 1.] ` [-181.75860788  -60.22583538   26.14159537]
(2, 1) | 2 | 1x,01,13,0A, ` [1. 0.] ` [ 128.70990424 -600.06939627]
(4, 0) | 2 | 1x,01,14, ` [0. 0. 1.] ` [-220.49591007 -102.02548558   21.0774037 ]
(2, 1) | 2 | 1x,01,14,0A, ` [1. 0.] ` [  40.0158976  -713.47473474]
(4, 0) | 2 | 1x,01,15, ` [0. 0. 1.] ` [-184.59862359  -81.13586633    9.46711767]
(2, 1) | 2 | 1x,01,15,0A, ` [1. 0.] ` [  42.80702694 -523.83610404]
(4, 0) | 2 | 1x,01,1A, ` [0. 1.] ` [-1812.52190675    21.25817102]
(2, 1) | 2 | 1x,02, ` [0.88295822 0.11704178 0.         0.         0.         0.
 0.        ] ` [  203.67091057    26.9978854   -333.01039499  -546.35445469
  -849.00612345  -970.60996487 -1156.97084008]
(4, 0) | 2 | 1x,02,12, ` [0. 0. 1.] ` [-344.26417645 -181.75606197   17.07532169]
(2, 1) | 2 | 1x,02,12,0A, ` [1. 0.] ` [  75.96511054 -821.42953813]
(4, 0) | 2 | 1x,02,13, ` [0. 0. 1.] ` [-456.58569818 -216.70240199    7.04927324]
(2, 1) | 2 | 1x,02,13,0A, ` [1. 0.] ` [ 136.06595962 -642.4632591 ]
(4, 0) | 2 | 1x,02,14, ` [0. 0. 1.] ` [-372.08210939 -119.62137634    8.06420229]
(2, 1) | 2 | 1x,02,14,0A, ` [1. 0.] ` [ 216.18229496 -281.66969098]
(4, 0) | 2 | 1x,02,15, ` [0. 0. 1.] ` [-524.67780772 -190.23602329   30.04185827]
(2, 1) | 2 | 1x,02,15,0A, ` [1. 0.] ` [ 187.04421141 -159.52003345]
(4, 0) | 2 | 1x,02,1A, ` [0. 1.] ` [-1711.55418108    19.71221123]
(2, 1) | 2 | 1x,03, ` [0.89479286 0.10520714 0.         0.         0.         0.        ] ` [  317.84263188    37.37101002  -975.19819231 -1038.21718326
 -1428.35457725 -1134.5872578 ]
(4, 0) | 2 | 1x,03,13, ` [0. 0. 1.] ` [-332.81984893 -114.59340976   23.28955778]
(2, 1) | 2 | 1x,03,13,0A, ` [0.39852318 0.60147682] ` [151.00394211 227.90485868]
(4, 0) | 2 | 1x,03,14, ` [0. 0. 1.] ` [-443.76773922 -141.09802014   20.86418401]
(2, 1) | 2 | 1x,03,14,0A, ` [0.09981045 0.90018955] ` [ 29.93144076 269.95139027]
(4, 0) | 2 | 1x,03,15, ` [0. 0. 1.] ` [-1696.79842091  -357.45488293     4.81790458]
(2, 1) | 2 | 1x,03,15,0A, ` [0.19662481 0.80337519] ` [ 74.5073815  304.42436255]
(4, 0) | 2 | 1x,03,1A, ` [0. 1.] ` [-1350.22138614    27.23433896]
(2, 1) | 2 | 1x,04, ` [1. 0. 0. 0. 0.] ` [  174.81458832  -413.25508861 -1105.20009791 -1304.43055725
 -1994.0454581 ]
(4, 0) | 2 | 1x,04,14, ` [0. 1. 0.] ` [-164.8097565    16.20563609  -20.41937833]
(2, 1) | 2 | 1x,04,14,0A, ` [1. 0.] ` [  77.27797266 -614.16891866]
(4, 0) | 2 | 1x,04,15, ` [0. 1. 0.] ` [-239.98336902   18.50123387  -33.16181375]
(2, 1) | 2 | 1x,04,15,0A, ` [1. 0.] ` [  62.13956439 -585.38892508]
(4, 0) | 2 | 1x,04,1A, ` [0. 1.] ` [-3059.46507982    22.31230306]
(2, 1) | 2 | 1x,05, ` [1. 0. 0. 0.] ` [   90.03979239  -898.10751825 -2888.59919201 -2878.06542001]
(4, 0) | 2 | 1x,05,15, ` [0. 0. 1.] ` [-1563.834797    -300.11090297     4.88095238]
(2, 1) | 2 | 1x,05,15,0A, ` [0.87568025 0.12431975] ` [269.5723093   38.27100518]
(4, 0) | 2 | 1x,05,1A, ` [0. 1.] ` [-4056.36353407    37.7802472 ]
(2, 1) | 2 | 1x,0A, ` [1. 0.] ` [  253.3258443  -3838.72300059]
(4, 0) | 2 | 11, ` [0.         0.         0.         0.17963112 0.22885827 0.0452291
 0.         0.54628151] ` [-3191.68550713 -1809.71816474   -35.83677103   264.4574815
   336.9309263     66.58742       -8.25371814   804.24945809]
(2, 1) | 2 | 11,01, ` [0. 1. 0.] ` [ -65.2603497    66.46445072 -949.5295962 ]
(4, 0) | 2 | 11,01,1A, ` [0. 1.] ` [-2590.3384864     32.34913672]
(2, 1) | 2 | 11,02, ` [0.31586205 0.68413795 0.        ] ` [  40.71929328   88.19550795 -685.44467418]
(4, 0) | 2 | 11,02,1A, ` [0. 1.] ` [-3237.06780653    26.80824186]
(2, 1) | 2 | 11,03, ` [1. 0. 0.] ` [  165.40112842   -40.31010138 -1481.14034916]
(4, 0) | 2 | 11,03,1A, ` [0. 1.] ` [-3570.79513442    29.77478033]
(2, 1) | 2 | 11,04, ` [1. 0. 0.] ` [  93.34248393 -148.98362406 -834.0863191 ]
(4, 0) | 2 | 11,04,1A, ` [0. 1.] ` [-3789.2938252    32.3794442]
(2, 1) | 2 | 11,05, ` [1. 0. 0.] ` [ 111.86667427 -171.96180568 -705.2640212 ]
(4, 0) | 2 | 11,05,1A, ` [0. 1.] ` [-4993.50485735    33.01641495]
(2, 1) | 2 | 11,0A, ` [1. 0.] ` [  221.90665941 -6377.16319574]
(4, 0) | 2 | 12, ` [0.         0.26729479 0.         0.         0.         0.
 0.73270521] ` [-153.20602536   84.76036572  -70.93839403 -110.97350544  -69.93497744
  -92.57024422  232.34407893]
(2, 1) | 2 | 12,02, ` [0.93450528 0.06549472 0.        ] ` [  127.29125343     8.92119635 -1166.64819293]
(4, 0) | 2 | 12,02,1A, ` [0. 1.] ` [-260.75953511   21.52050609]
(2, 1) | 2 | 12,03, ` [1. 0. 0.] ` [ 105.61496094  -24.68863852 -639.51548948]
(4, 0) | 2 | 12,03,1A, ` [0. 1.] ` [-253.62464677   23.12119087]
(2, 1) | 2 | 12,04, ` [1. 0. 0.] ` [  105.79644826  -306.15588649 -1315.0547283 ]
(4, 0) | 2 | 12,04,1A, ` [0. 1.] ` [-371.50611244   24.60173569]
(2, 1) | 2 | 12,05, ` [1. 0. 0.] ` [  71.59602901 -208.60572823 -650.43123276]
(4, 0) | 2 | 12,05,1A, ` [0. 1.] ` [-454.07122284   25.04281267]
(2, 1) | 2 | 12,0A, ` [1. 0.] ` [  204.72782655 -5856.28881869]
(4, 0) | 2 | 13, ` [0.         0.         0.24265017 0.         0.06754207 0.68980777] ` [-113.97638742  -30.49955133   40.43495813  -12.93776266   11.25513631
  114.94881185]
(2, 1) | 2 | 13,03, ` [1. 0. 0.] ` [   92.96263633  -249.87578917 -1727.93163904]
(4, 0) | 2 | 13,03,1A, ` [0. 1.] ` [-442.70076044   23.44000655]
(2, 1) | 2 | 13,04, ` [1. 0. 0.] ` [  57.06602649 -136.91352638 -506.47186491]
(4, 0) | 2 | 13,04,1A, ` [0. 1.] ` [-427.74580871   24.33717919]
(2, 1) | 2 | 13,05, ` [1. 0. 0.] ` [   52.14741915  -383.69033553 -1003.47524838]
(4, 0) | 2 | 13,05,1A, ` [0. 1.] ` [-522.25793068   24.86646037]
(2, 1) | 2 | 13,0A, ` [1. 0.] ` [  284.91629014 -5352.27661333]
(4, 0) | 2 | 14, ` [0.         0.         0.24681501 0.3561339  0.39705108] ` [-381.76723681 -205.25792508   52.56056692   75.84060406   84.55413526]
(2, 1) | 2 | 14,04, ` [0.62048979 0.37951021 0.        ] ` [ 130.86350048   80.04005019 -421.1733027 ]
(4, 0) | 2 | 14,04,1A, ` [0. 1.] ` [-891.45031814   28.57103614]
(2, 1) | 2 | 14,05, ` [1. 0. 0.] ` [ 158.91067086   -0.66423168 -483.79154051]
(4, 0) | 2 | 14,05,1A, ` [0. 1.] ` [-985.90751622   28.5710922 ]
(2, 1) | 2 | 14,0A, ` [1. 0.] ` [  169.9946329  -7092.45526016]
(4, 0) | 2 | 15, ` [0. 0. 0. 1.] ` [-1378.74073883  -826.28456256  -111.20243664    77.77374631]
(2, 1) | 2 | 15,05, ` [1. 0. 0.] ` [  98.45237465 -372.15567003 -935.1871872 ]
(4, 0) | 2 | 15,05,1A, ` [0. 1.] ` [-3694.2566088     29.01216919]
(2, 1) | 2 | 15,0A, ` [1. 0.] ` [  157.65537422 -5708.94218833]
(4, 0) | 2 | 1A, ` [0. 1.] ` [-941.30699407  171.42857143]
(1, 0) | 2 | 1x, ` [1. 0. 0. 0. 0. 0. 0.] ` [  267.27719868 -1243.92164327 -2054.14689503 -2778.86274195
 -3176.61964393 -4332.4372286  -8589.30321245]
(1, 0) | 2 | 1x,01,11, ` [0.15758928 0.84241072 0.        ] ` [  0.76112581   4.06868108 -30.28776204]
(1, 0) | 2 | 1x,01,12, ` [0.55147066 0.44852934 0.        ] ` [ 20.69055302  16.8283115  -54.58456071]
(1, 0) | 2 | 1x,01,13, ` [0.58643972 0.41356028 0.        ] ` [  55.11652524   38.86845437 -121.73818486]
(1, 0) | 2 | 1x,01,14, ` [0.45025519 0.54974481 0.        ] ` [36.89899694 45.05230002 -8.92046009]
(1, 0) | 2 | 1x,01,15, ` [0.25625256 0.50089007 0.24285737] ` [20.2061015  39.49632951 19.14985968]
(1, 0) | 2 | 1x,01,1A, ` [1. 0.] ` [  234.53892099 -5507.28477692]
(1, 0) | 2 | 1x,02,12, ` [0.14482974 0.85517026 0.        ] ` [  5.80038925  34.24932186 -60.20847922]
(1, 0) | 2 | 1x,02,13, ` [0.38726146 0.61273854 0.        ] ` [  27.19646554   43.03119363 -143.93184547]
(1, 0) | 2 | 1x,02,14, ` [0.89310635 0.10689365 0.        ] ` [  62.26591578    7.4524505  -302.76255036]
(1, 0) | 2 | 1x,02,15, ` [1. 0. 0.] ` [   1.80338757  -51.52269114 -155.20459831]
(1, 0) | 2 | 1x,02,1A, ` [1. 0.] ` [  125.44131695 -5101.32605497]
(1, 0) | 2 | 1x,03,13, ` [0.         0.30680093 0.69319907] ` [-80.0305422   18.3369543   41.43129383]
(1, 0) | 2 | 1x,03,14, ` [0.        0.5485031 0.4514969] ` [-61.0406901   38.39737651  31.6065604 ]
(1, 0) | 2 | 1x,03,15, ` [1. 0. 0.] ` [   87.26632043  -672.00215773 -2048.84697476]
(1, 0) | 2 | 1x,03,1A, ` [1. 0.] ` [   24.19781382 -3322.76720214]
(1, 0) | 2 | 1x,04,14, ` [1. 0. 0.] ` [  29.03292375  -36.13996076 -246.57515552]
(1, 0) | 2 | 1x,04,15, ` [1. 0. 0.] ` [  44.94494581  -50.90155098 -283.52909447]
(1, 0) | 2 | 1x,04,1A, ` [1. 0.] ` [   26.60177953 -3713.76052699]
(1, 0) | 2 | 1x,05,15, ` [0.9807019 0.0192981 0.       ] ` [ 151.38226624    2.97887731 -421.46454641]
(1, 0) | 2 | 1x,05,1A, ` [1. 0.] ` [  111.52464703 -4033.22012776]
(1, 0) | 2 | 11, ` [1. 0. 0. 0. 0. 0. 0. 0.] ` [   70.6735721  -1312.3988109  -2718.82586953 -3681.72556018
 -4304.22386385 -5113.27002064 -5200.41727704 -7984.21175493]
(1, 0) | 2 | 11,01,1A, ` [1. 0.] ` [    8.28650941 -7281.14714233]
(1, 0) | 2 | 11,02,1A, ` [1. 0.] ` [    7.64908561 -6497.07622302]
(1, 0) | 2 | 11,03,1A, ` [1. 0.] ` [    7.01166181 -5610.38989649]
(1, 0) | 2 | 11,04,1A, ` [1. 0.] ` [    6.37423801 -4884.70543225]
(1, 0) | 2 | 11,05,1A, ` [1. 0.] ` [    4.96156904 -4250.26896685]
(1, 0) | 2 | 12, ` [1. 0. 0. 0. 0. 0. 0.] ` [   29.32120925  -186.75019285  -422.58549641  -497.22453665
  -611.8859895   -640.31848862 -1552.64351901]
(1, 0) | 2 | 12,02,1A, ` [1. 0.] ` [  13.94835485 -662.29983238]
(1, 0) | 2 | 12,03,1A, ` [1. 0.] ` [  11.67924449 -615.37896006]
(1, 0) | 2 | 12,04,1A, ` [1. 0.] ` [   9.74219907 -506.00022056]
(1, 0) | 2 | 12,05,1A, ` [1. 0.] ` [   8.0692962  -405.75223999]
(1, 0) | 2 | 13, ` [1. 0. 0. 0. 0. 0.] ` [   4.86454782 -174.10219068 -457.26912675 -514.32036838 -511.70387093
 -883.83102912]
(1, 0) | 2 | 13,03,1A, ` [1. 0.] ` [   0.43742406 -203.7678699 ]
(1, 0) | 2 | 13,04,1A, ` [1. 0.] ` [   0.36452005 -241.99877767]
(1, 0) | 2 | 13,05,1A, ` [1. 0.] ` [   0.30019298 -189.97824599]
(1, 0) | 2 | 14, ` [1. 0. 0. 0. 0.] ` [   48.05397172  -462.17803158 -1043.01733311 -1184.03196439
 -1888.23608329]
(1, 0) | 2 | 14,04,1A, ` [1. 0.] ` [  30.34134944 -226.08780957]
(1, 0) | 2 | 14,05,1A, ` [1. 0.] ` [  31.70636698 -176.7614292 ]
(1, 0) | 2 | 15, ` [1. 0. 0. 0.] ` [   63.39033815 -1376.09747368 -3646.97968328 -4279.34113498]
(1, 0) | 2 | 15,05,1A, ` [1. 0.] ` [ 166.37400491 -242.48140076]
(1, 0) | 2 | 1A, ` [1. 0.] ` [  258.10622306 -2505.28515207]
(3, 0) | 2 |  ` [1. 0. 0. 0. 0. 0. 0.] ` [  2027.18100404   -159.81899596  -3881.81899596  -8412.81899596
 -13829.81899596 -18641.81899596 -15759.81899596]
(2, 0) | 2 | 1x, ` [1. 0. 0. 0. 0. 0. 0.] ` [   389.86767045  -1935.01966305  -3788.18577969  -5165.57999872
  -5654.18619218  -8068.60143428 -15157.68863456]
(3, 0) | 2 | 1x,01, ` [0.79632723 0.20367277 0.         0.         0.         0.
 0.         0.        ] ` [  397.46680669   101.65816684 -1045.50020702 -1890.29791843
 -2114.34328612 -2952.25820473 -3599.43019921 -4374.09174537]
(2, 0) | 2 | 1x,01,11, ` [0.         0.32110938 0.67889062] ` [-20.25093497  13.06663336  27.62552387]
(3, 0) | 2 | 1x,01,11,0A, ` [1. 0.] ` [  145.99094411 -3031.18579069]
(2, 0) | 2 | 1x,01,12, ` [0.6075024 0.3924976 0.       ] ` [  15.58425672   10.0687395  -214.55200275]
(3, 0) | 2 | 1x,01,12,0A, ` [1. 0.] ` [  242.89899781 -1706.77471417]
(2, 0) | 2 | 1x,01,13, ` [1. 0. 0.] ` [  20.61821466 -113.72844881 -678.04083321]
(3, 0) | 2 | 1x,01,13,0A, ` [1. 0.] ` [  172.7758163  -1474.73138445]
(2, 0) | 2 | 1x,01,14, ` [1. 0. 0.] ` [  19.35732925  -42.86174764 -271.08707437]
(3, 0) | 2 | 1x,01,14,0A, ` [1. 0.] ` [ 207.17133311 -803.2138709 ]
(2, 0) | 2 | 1x,01,15, ` [1. 0. 0.] ` [  18.72794351  -46.35999683 -209.67136705]
(3, 0) | 2 | 1x,01,15,0A, ` [1. 0.] ` [ 201.25329093 -196.21481889]
(2, 0) | 2 | 1x,01,1A, ` [1. 0.] ` [  421.13269146 -9022.72333459]
(3, 0) | 2 | 1x,02, ` [0.74526218 0.25473782 0.         0.         0.         0.
 0.        ] ` [  510.79200253   174.59364531 -1151.79023534 -1777.80259595
 -1746.50783997 -2269.87829487 -1932.08837064]
(2, 0) | 2 | 1x,02,12, ` [0. 1. 0.] ` [ -10.22020402   23.09478997 -198.13308194]
(3, 0) | 2 | 1x,02,12,0A, ` [1. 0.] ` [ 249.14953958 -380.78450598]
(2, 0) | 2 | 1x,02,13, ` [0.83131507 0.16868493 0.        ] ` [  52.94100065   10.7424357  -467.73906011]
(3, 0) | 2 | 1x,02,13,0A, ` [0.94759577 0.05240423] ` [355.12026605  19.63896773]
(2, 0) | 2 | 1x,02,14, ` [0.9550558 0.0449442 0.       ] ` [  72.44029357    3.40898486 -446.27955297]
(3, 0) | 2 | 1x,02,14,0A, ` [0. 1.] ` [-188.58025369   32.80742888]
(2, 0) | 2 | 1x,02,15, ` [0.47309555 0.52690445 0.        ] ` [  54.49798776   60.69647569 -121.44968644]
(3, 0) | 2 | 1x,02,15,0A, ` [0. 1.] ` [-78.43880219 360.80208076]
(2, 0) | 2 | 1x,02,1A, ` [1. 0.] ` [   62.75314184 -9366.78854404]
(3, 0) | 2 | 1x,03, ` [0.9192781 0.0807219 0.        0.        0.        0.       ] ` [  524.85111507    46.08722666 -2000.45746723 -2064.70639779
 -1862.98038158 -1953.40195049]
(2, 0) | 2 | 1x,03,13, ` [0. 1. 0.] ` [ -6.47182385  43.69489076 -51.29137954]
(3, 0) | 2 | 1x,03,13,0A, ` [0. 1.] ` [-1032.91015511    34.13557073]
(2, 0) | 2 | 1x,03,14, ` [0.13902874 0.86097126 0.        ] ` [ 10.99667838  68.09975955 -33.11236558]
(3, 0) | 2 | 1x,03,14,0A, ` [0. 1.] ` [-1634.0074408     28.24644131]
(2, 0) | 2 | 1x,03,15, ` [1. 0. 0.] ` [   22.15743564 -1256.30894937 -3748.66938533]
(3, 0) | 2 | 1x,03,15,0A, ` [0. 1.] ` [-3562.15828108    10.95238095]
(2, 0) | 2 | 1x,03,1A, ` [1. 0.] ` [   46.06639874 -6114.43289972]
(3, 0) | 2 | 1x,04, ` [1. 0. 0. 0. 0.] ` [  504.77851922  -393.55204455 -2563.73437512 -2751.72899704
 -2899.2396072 ]
(2, 0) | 2 | 1x,04,14, ` [1. 0. 0.] ` [  31.4411082   -55.88532183 -442.06637154]
(3, 0) | 2 | 1x,04,14,0A, ` [0. 1.] ` [-382.73540685  163.35480521]
(2, 0) | 2 | 1x,04,15, ` [1. 0. 0.] ` [  32.65842301 -313.67168651 -966.4298491 ]
(3, 0) | 2 | 1x,04,15,0A, ` [0. 1.] ` [-1169.90687185    94.96200778]
(2, 0) | 2 | 1x,04,1A, ` [1. 0.] ` [  102.47526714 -6215.25674617]
(3, 0) | 2 | 1x,05, ` [1. 0. 0. 0.] ` [  600.25429198 -1431.60206167 -5446.79931877 -5552.06941718]
(2, 0) | 2 | 1x,05,15, ` [1. 0. 0.] ` [  22.71273199  -74.75756141 -751.11110336]
(3, 0) | 2 | 1x,05,15,0A, ` [0. 1.] ` [-3969.57530478    11.9047619 ]
(2, 0) | 2 | 1x,05,1A, ` [1. 0.] ` [  104.81352231 -6847.29790225]
(3, 0) | 2 | 1x,0A, ` [1. 0.] ` [  546.3237136  -3525.18387323]
(2, 0) | 2 | 11, ` [1. 0. 0. 0. 0. 0. 0. 0.] ` [  328.85801233 -1618.69399043 -4090.46945468 -5907.4148358
 -7094.20220725 -8741.2927505  -9340.3617452  -8476.60175241]
(3, 0) | 2 | 11,01, ` [0. 1. 0.] ` [-564.29561922  197.38586804 -912.52381927]
(2, 0) | 2 | 11,01,1A, ` [1. 0.] ` [    37.26876647 -13475.25047589]
(3, 0) | 2 | 11,02, ` [0. 1. 0.] ` [ -346.96915405   212.21941702 -1028.44455996]
(2, 0) | 2 | 11,02,1A, ` [1. 0.] ` [   108.41854912 -11865.5177719 ]
(3, 0) | 2 | 11,03, ` [0.53202847 0.46797153 0.        ] ` [  205.7598063    180.98604702 -2630.15274735]
(2, 0) | 2 | 11,03,1A, ` [1. 0.] ` [  143.93976573 -9847.71533891]
(3, 0) | 2 | 11,04, ` [0.51995238 0.48004762 0.        ] ` [ 187.16629324  172.80184862 -746.77034628]
(2, 0) | 2 | 11,04,1A, ` [1. 0.] ` [  256.24817337 -7985.60279413]
(3, 0) | 2 | 11,05, ` [0.59847395 0.40152605 0.        ] ` [ 212.49323236  142.56521927 -186.69103397]
(2, 0) | 2 | 11,05,1A, ` [1. 0.] ` [  357.87453234 -6704.16660136]
(3, 0) | 2 | 11,0A, ` [1. 0.] ` [   311.66963563 -10443.85474394]
(2, 0) | 2 | 12, ` [1. 0. 0. 0. 0. 0. 0.] ` [   75.745464    -344.65568422  -997.1015477  -1249.56797479
 -1566.98556714 -1639.92844053 -3158.02837253]
(3, 0) | 2 | 12,02, ` [0. 1. 0.] ` [-1.74525110e+00  2.01392082e+02 -2.35893241e+03]
(2, 0) | 2 | 12,02,1A, ` [1. 0.] ` [  102.66686558 -1424.90028119]
(3, 0) | 2 | 12,03, ` [0.48213982 0.51786018 0.        ] ` [  108.23780961   116.25683753 -1127.81455122]
(2, 0) | 2 | 12,03,1A, ` [1. 0.] ` [  108.3390979 -1190.2782824]
(3, 0) | 2 | 12,04, ` [1. 0. 0.] ` [  170.1130676   -286.72410409 -2371.57579091]
(2, 0) | 2 | 12,04,1A, ` [1. 0.] ` [ 149.33940933 -840.71582848]
(3, 0) | 2 | 12,05, ` [1. 0. 0.] ` [  119.95425726  -422.56897326 -1748.08593012]
(2, 0) | 2 | 12,05,1A, ` [1. 0.] ` [ 186.73363666 -494.41467769]
(3, 0) | 2 | 12,0A, ` [1. 0.] ` [  678.41211743 -6064.19388023]
(2, 0) | 2 | 13, ` [1. 0. 0. 0. 0. 0.] ` [   74.58835831  -337.5488461   -839.36723111 -1060.06482896
 -1051.91247256 -1760.73980578]
(3, 0) | 2 | 13,03, ` [0.17098323 0.82901677 0.        ] ` [   46.12351053   223.63108077 -3160.27372583]
(2, 0) | 2 | 13,03,1A, ` [1. 0.] ` [  75.98552486 -530.08390935]
(3, 0) | 2 | 13,04, ` [1. 0. 0.] ` [ 104.31935972   -1.14548788 -700.97014221]
(2, 0) | 2 | 13,04,1A, ` [1. 0.] ` [  80.37860334 -317.78857792]
(3, 0) | 2 | 13,05, ` [1. 0. 0.] ` [  103.44867858  -360.05894736 -1565.96427539]
(2, 0) | 2 | 13,05,1A, ` [1. 0.] ` [ 108.22669096 -108.17424345]
(3, 0) | 2 | 13,0A, ` [1. 0.] ` [  602.15756715 -4810.43974603]
(2, 0) | 2 | 14, ` [1. 0. 0. 0. 0.] ` [   95.46890144  -676.52455606 -1827.59465687 -2013.77034782
 -2613.44099433]
(3, 0) | 2 | 14,04, ` [0. 1. 0.] ` [-246.74269144  149.01771607 -888.87764941]
(2, 0) | 2 | 14,04,1A, ` [0.60877333 0.39122667] ` [122.48958641  78.71762888]
(3, 0) | 2 | 14,05, ` [0.32750126 0.67249874 0.        ] ` [ 103.64277446  212.82249451 -866.08313085]
(2, 0) | 2 | 14,05,1A, ` [0.29420901 0.70579099] ` [ 57.78733441 138.62858946]
(3, 0) | 2 | 14,0A, ` [1. 0.] ` [  700.12331207 -1563.67289052]
(2, 0) | 2 | 15, ` [1. 0. 0. 0.] ` [  122.738667   -2685.44585698 -6613.82601702 -8020.64330039]
(3, 0) | 2 | 15,05, ` [0.49081537 0.50918463 0.        ] ` [ 250.23818372  259.60359656 -141.92228996]
(2, 0) | 2 | 15,05,1A, ` [1. 0.] ` [ 151.18411277 -846.02998914]
(3, 0) | 2 | 15,0A, ` [0.32876257 0.67123743] ` [345.39235818 705.19060561]
(2, 0) | 2 | 1A, ` [1. 0.] ` [  171.42857143 -8881.72546806]
(1, 2) | 2 |  ` [1. 0. 0. 0. 0. 0. 0.] ` [   482.72077697   -973.27922303  -2356.27922303  -4016.27922303
  -5449.27922303  -6626.27922303 -15477.27922303]
(2, 1) | 2 | 1x, ` [1. 0. 0. 0. 0. 0. 0.] ` [  288.67610178  -442.73569206  -608.94830526  -919.81712334
 -1253.77609494 -2071.44053164 -2930.82309008]
(1, 2) | 2 | 1x,01, ` [1. 0. 0. 0. 0. 0. 0. 0.] ` [   23.32394081  -181.23615016  -451.27249982  -714.48273286
  -676.1765262  -1077.02590001 -1186.98670416 -2895.77845532]
(2, 1) | 2 | 1x,01,11, ` [0. 0. 1.] ` [-32.83051138 -12.87279121  19.75817569]
(1, 2) | 2 | 1x,01,11,0A, ` [1. 0.] ` [    8.967192   -1661.64901643]
(2, 1) | 2 | 1x,01,12, ` [0.30938926 0.35513534 0.33547541] ` [10.08507012 11.57624151 10.93539269]
(1, 2) | 2 | 1x,01,12,0A, ` [1. 0.] ` [    5.71428571 -1741.39350986]
(2, 1) | 2 | 1x,01,13, ` [0. 0. 1.] ` [-1.95829299 -5.58401004 23.48272801]
(1, 2) | 2 | 1x,01,13,0A, ` [1. 0.] ` [    5.23809524 -1227.70793452]
(2, 1) | 2 | 1x,01,14, ` [0.04528195 0.21054793 0.74417012] ` [ 1.04650652  4.8659521  17.19844079]
(1, 2) | 2 | 1x,01,14,0A, ` [1. 0.] ` [    4.76190476 -1186.44619503]
(2, 1) | 2 | 1x,01,15, ` [0.61484535 0.         0.38515465] ` [ 7.80541124 -1.53241471  4.88950663]
(1, 2) | 2 | 1x,01,15,0A, ` [1. 0.] ` [   4.28571429 -901.67304271]
(2, 1) | 2 | 1x,01,1A, ` [1. 0.] ` [  266.10474061 -1876.97698087]
(1, 2) | 2 | 1x,02, ` [1. 0. 0. 0. 0. 0. 0.] ` [   14.32100826  -142.35403682  -250.3652867   -352.33667884
  -492.30874689  -627.19056974 -1054.89454727]
(2, 1) | 2 | 1x,02,12, ` [0.58310107 0.41689893 0.        ] ` [  9.06311907   6.47984516 -62.91378551]
(1, 2) | 2 | 1x,02,12,0A, ` [1. 0.] ` [   5.23809524 -466.8731383 ]
(2, 1) | 2 | 1x,02,13, ` [0.         0.24680035 0.75319965] ` [-46.04167003  12.31936985  37.59696892]
(1, 2) | 2 | 1x,02,13,0A, ` [1. 0.] ` [   4.76190476 -538.11118135]
(2, 1) | 2 | 1x,02,14, ` [0.         0.48704503 0.51295497] ` [-19.36125053  32.06563225  33.7714673 ]
(1, 2) | 2 | 1x,02,14,0A, ` [1. 0.] ` [   4.28571429 -441.79030519]
(2, 1) | 2 | 1x,02,15, ` [0.68895443 0.31104557 0.        ] ` [ 26.17396308  11.81688524 -20.05148993]
(1, 2) | 2 | 1x,02,15,0A, ` [1. 0.] ` [   4.91904963 -364.75049113]
(2, 1) | 2 | 1x,02,1A, ` [1. 0.] ` [   66.76378899 -2409.05096137]
(1, 2) | 2 | 1x,03, ` [1. 0. 0. 0. 0. 0.] ` [   73.74799173  -299.13716008 -1007.52548251 -1233.02188093
 -1083.75613213 -1636.49312077]
(2, 1) | 2 | 1x,03,13, ` [0.         0.42501791 0.57498209] ` [-32.87097952  16.25945888  21.99647968]
(1, 2) | 2 | 1x,03,13,0A, ` [1. 0.] ` [ 134.90966153 -345.88481125]
(2, 1) | 2 | 1x,03,14, ` [0. 0. 1.] ` [-70.69143543  -6.3393726   18.86031861]
(1, 2) | 2 | 1x,03,14,0A, ` [1. 0.] ` [ 184.61422191 -183.21669281]
(2, 1) | 2 | 1x,03,15, ` [0.97872213 0.02127787 0.        ] ` [ 121.71515724    2.64614342 -454.22705481]
(1, 2) | 2 | 1x,03,15,0A, ` [1. 0.] ` [   3.33333333 -590.63044253]
(2, 1) | 2 | 1x,03,1A, ` [1. 0.] ` [   31.35301607 -1499.04280658]
(1, 2) | 2 | 1x,04, ` [1. 0. 0. 0. 0.] ` [  240.65123113  -663.25649798 -1894.0297963  -2561.85666664
 -3078.04554266]
(2, 1) | 2 | 1x,04,14, ` [0.27806775 0.65171718 0.07021507] ` [22.00326889 51.56983596  5.55605945]
(1, 2) | 2 | 1x,04,14,0A, ` [1. 0.] ` [ 227.31856219 -379.9558352 ]
(2, 1) | 2 | 1x,04,15, ` [0.63283885 0.36716115 0.        ] ` [ 59.52469821  34.53510647 -82.39778385]
(1, 2) | 2 | 1x,04,15,0A, ` [1. 0.] ` [ 267.32598861 -243.03534148]
(2, 1) | 2 | 1x,04,1A, ` [1. 0.] ` [  109.17461517 -1471.22353554]
(1, 2) | 2 | 1x,05, ` [1. 0. 0. 0.] ` [  216.54338854 -1120.00619979 -4049.56614028 -3750.2482336 ]
(2, 1) | 2 | 1x,05,15, ` [0.         0.65073099 0.34926901] ` [-75.50257495  75.30552442  40.41898445]
(1, 2) | 2 | 1x,05,15,0A, ` [0.43407722 0.56592278] ` [275.42678343 359.08424877]
(2, 1) | 2 | 1x,05,1A, ` [1. 0.] ` [  347.46579232 -1064.59857016]
(1, 2) | 2 | 1x,0A, ` [1. 0.] ` [  343.47131576 -3025.73186181]
(2, 1) | 2 | 11, ` [1. 0. 0. 0. 0. 0. 0. 0.] ` [  193.75509634  -105.65309815  -737.94346231 -1367.20003696
 -1793.50542387 -2008.96567131 -2391.08488624 -1802.17694815]
(1, 2) | 2 | 11,01, ` [1. 0. 0.] ` [  24.79514488   -4.17869916 -679.74196962]
(2, 1) | 2 | 11,01,1A, ` [1. 0.] ` [   32.91846819 -2736.31634349]
(1, 2) | 2 | 11,02, ` [1. 0. 0.] ` [    6.29791715  -124.74363161 -1037.08486482]
(2, 1) | 2 | 11,02,1A, ` [1. 0.] ` [  206.33446559 -2154.96436642]
(1, 2) | 2 | 11,03, ` [1. 0. 0.] ` [   22.79538767  -393.59981449 -2321.87956433]
(2, 1) | 2 | 11,03,1A, ` [1. 0.] ` [  359.08252288 -1676.44743858]
(1, 2) | 2 | 11,04, ` [1. 0. 0.] ` [  123.36105043  -251.810191   -1242.17568962]
(2, 1) | 2 | 11,04,1A, ` [1. 0.] ` [  162.15689405 -1862.93638888]
(1, 2) | 2 | 11,05, ` [1. 0. 0.] ` [ 131.84653888 -159.60598148 -671.25101298]
(2, 1) | 2 | 11,05,1A, ` [1. 0.] ` [  260.46433549 -1199.39083558]
(1, 2) | 2 | 11,0A, ` [1. 0.] ` [   79.06717102 -8311.5090196 ]
(2, 1) | 2 | 12, ` [0.81032726 0.18967274 0.         0.         0.         0.
 0.        ] ` [ 122.48364155   28.66966151 -286.57459436 -341.45756206 -419.22111583
 -354.13613901 -369.91039963]
(1, 2) | 2 | 12,02, ` [1. 0. 0.] ` [   56.9746536    -55.37285372 -1143.05290858]
(2, 1) | 2 | 12,02,1A, ` [1. 0.] ` [127.96310274 -40.75892474]
(1, 2) | 2 | 12,03, ` [1. 0. 0.] ` [  58.15902905 -101.36374708 -466.87072703]
(2, 1) | 2 | 12,03,1A, ` [0.63471172 0.36528828] ` [141.38759339  81.37116398]
(1, 2) | 2 | 12,04, ` [1. 0. 0.] ` [   58.21257854  -356.02538861 -1062.73615585]
(2, 1) | 2 | 12,04,1A, ` [0.46475258 0.53524742] ` [137.18542026 157.99405283]
(1, 2) | 2 | 12,05, ` [1. 0. 0.] ` [  55.38713508 -324.28043765 -722.07692545]
(2, 1) | 2 | 12,05,1A, ` [0. 1.] ` [-11.00837694 172.39492793]
(1, 2) | 2 | 12,0A, ` [1. 0.] ` [   45.72621651 -6304.8366329 ]
(2, 1) | 2 | 13, ` [1. 0. 0. 0. 0. 0.] ` [ 108.39030223  -45.73023095 -256.30720894 -298.5855238  -279.78347874
 -145.99326276]
(1, 2) | 2 | 13,03, ` [0.9357603 0.0642397 0.       ] ` [  199.31549302    13.68295696 -1078.82724209]
(2, 1) | 2 | 13,03,1A, ` [0.84178329 0.15821671] ` [101.97878442  19.16734194]
(1, 2) | 2 | 13,04, ` [1. 0. 0.] ` [112.79768146 -16.1486806  -94.86883668]
(2, 1) | 2 | 13,04,1A, ` [0.71776982 0.28223018] ` [103.41244768  40.66221862]
(1, 2) | 2 | 13,05, ` [1. 0. 0.] ` [ 123.72879725 -229.79839307 -601.17548937]
(2, 1) | 2 | 13,05,1A, ` [0.5653835 0.4346165] ` [79.06990224 60.78190086]
(1, 2) | 2 | 13,0A, ` [1. 0.] ` [  133.78963887 -7643.76760086]
(2, 1) | 2 | 14, ` [1. 0. 0. 0. 0.] ` [  65.67569272 -190.25184497 -477.47155504 -540.0509777  -719.82768675]
(1, 2) | 2 | 14,04, ` [1. 0. 0.] ` [ 129.4479721   -59.77606652 -417.90214386]
(2, 1) | 2 | 14,04,1A, ` [0.47888231 0.52111769] ` [52.02970697 56.61850468]
(1, 2) | 2 | 14,05, ` [1. 0. 0.] ` [ 109.64166982 -299.52415721 -590.10858417]
(2, 1) | 2 | 14,05,1A, ` [0.36249572 0.63750428] ` [45.83517151 80.60817442]
(1, 2) | 2 | 14,0A, ` [1. 0.] ` [  130.08718513 -8047.50680105]
(2, 1) | 2 | 15, ` [1. 0. 0. 0.] ` [   97.93605978  -718.8061466  -1952.13121923 -2290.63554687]
(1, 2) | 2 | 15,05, ` [1. 0. 0.] ` [ 229.09837849 -142.86592153 -237.62528552]
(2, 1) | 2 | 15,05,1A, ` [0.84590901 0.15409099] ` [178.2324469   32.46686458]
(1, 2) | 2 | 15,0A, ` [1. 0.] ` [  111.43453184 -6253.78440622]
(2, 1) | 2 | 1A, ` [1. 0.] ` [ 466.88041369 -296.88563723]
(1, 0) | 2 |  ` [1. 0. 0. 0. 0. 0. 0.] ` [   524.91240412  -2442.08759588  -5213.08759588  -7982.08759588
 -12080.08759588 -13373.08759588 -28455.08759588]
(1, 0) | 2 | 1x,01, ` [1. 0. 0. 0. 0. 0. 0. 0.] ` [  278.92687642  -185.23048448  -914.4465401  -1261.31921947
 -1688.59562986 -2123.17946179 -2605.94092284 -6450.98096608]
(1, 0) | 2 | 1x,01,11,0A, ` [1. 0.] ` [  155.407903   -4867.70410791]
(1, 0) | 2 | 1x,01,12,0A, ` [1. 0.] ` [   53.43011856 -4267.54157098]
(1, 0) | 2 | 1x,01,13,0A, ` [1. 0.] ` [  111.03532045 -3533.83472971]
(1, 0) | 2 | 1x,01,14,0A, ` [1. 0.] ` [   85.37756463 -3430.82689848]
(1, 0) | 2 | 1x,01,15,0A, ` [1. 0.] ` [   88.8322408  -2972.48040969]
(1, 0) | 2 | 1x,02, ` [1. 0. 0. 0. 0. 0. 0.] ` [  150.13727958  -581.31690863 -1368.31272648 -1794.7679001
 -2323.28757735 -2706.83399624 -5244.44200987]
(1, 0) | 2 | 1x,02,12,0A, ` [1. 0.] ` [   48.66740662 -2840.63209317]
(1, 0) | 2 | 1x,02,13,0A, ` [1. 0.] ` [   71.29961459 -2809.95227401]
(1, 0) | 2 | 1x,02,14,0A, ` [1. 0.] ` [  113.33631106 -2236.9873956 ]
(1, 0) | 2 | 1x,02,15,0A, ` [1. 0.] ` [  116.1312641  -2139.01280299]
(1, 0) | 2 | 1x,03, ` [1. 0. 0. 0. 0. 0.] ` [  449.63049322  -827.15913795 -2441.36285664 -2899.69551053
 -3874.69776718 -5679.16159834]
(1, 0) | 2 | 1x,03,13,0A, ` [1. 0.] ` [   22.55375751 -2494.20910983]
(1, 0) | 2 | 1x,03,14,0A, ` [1. 0.] ` [   20.49276071 -2187.89662134]
(1, 0) | 2 | 1x,03,15,0A, ` [1. 0.] ` [  301.07639472 -1830.21682182]
(1, 0) | 2 | 1x,04, ` [1. 0. 0. 0. 0.] ` [  107.47128622  -659.55196466 -1666.68524997 -2001.07746882
 -2658.28848647]
(1, 0) | 2 | 1x,04,14,0A, ` [1. 0.] ` [  93.57006634 -219.45768773]
(1, 0) | 2 | 1x,04,15,0A, ` [1. 0.] ` [ 163.45882288 -129.09617255]
(1, 0) | 2 | 1x,05, ` [1. 0. 0. 0.] ` [   88.82113163 -2901.09616871 -6692.0871232  -8880.93076937]
(1, 0) | 2 | 1x,05,15,0A, ` [1. 0.] ` [   23.53386275 -1763.036252  ]
(1, 0) | 2 | 1x,0A, ` [1. 0.] ` [  454.65227438 -5708.5155316 ]
(1, 0) | 2 | 11,01, ` [1. 0. 0.] ` [  168.50315557  -126.75030465 -3193.11563208]
(1, 0) | 2 | 11,02, ` [1. 0. 0.] ` [   79.15437877  -425.59613406 -3243.74085241]
(1, 0) | 2 | 11,03, ` [1. 0. 0.] ` [   85.73511179 -1290.37123049 -6716.48915384]
(1, 0) | 2 | 11,04, ` [1. 0. 0.] ` [    6.66666667  -435.52588672 -1339.10611188]
(1, 0) | 2 | 11,05, ` [1. 0. 0.] ` [   7.08333333 -341.62133855 -900.59268524]
(1, 0) | 2 | 11,0A, ` [1. 0.] ` [    86.08092748 -16805.13963299]
(1, 0) | 2 | 12,02, ` [1. 0. 0.] ` [   13.59204961  -641.99836945 -4504.89997061]
(1, 0) | 2 | 12,03, ` [1. 0. 0.] ` [    5.71428571  -511.78442236 -2328.34775259]
(1, 0) | 2 | 12,04, ` [1. 0. 0.] ` [    6.19047619  -986.24854055 -3292.92425789]
(1, 0) | 2 | 12,05, ` [1. 0. 0.] ` [   10.48951353  -867.35776234 -2292.25540742]
(1, 0) | 2 | 12,0A, ` [1. 0.] ` [   501.91819007 -14260.25979553]
(1, 0) | 2 | 13,03, ` [1. 0. 0.] ` [   22.20469352 -1321.40468016 -5905.60617625]
(1, 0) | 2 | 13,04, ` [1. 0. 0.] ` [  18.31895097 -269.18375091 -890.74488144]
(1, 0) | 2 | 13,05, ` [1. 0. 0.] ` [   12.67379024  -611.69737224 -1588.7581761 ]
(1, 0) | 2 | 13,0A, ` [1. 0.] ` [   779.56115833 -15220.00960643]
(1, 0) | 2 | 14,04, ` [1. 0. 0.] ` [   26.17829741  -447.10070297 -1491.11839267]
(1, 0) | 2 | 14,05, ` [1. 0. 0.] ` [   11.91090621  -779.88178928 -1880.68904679]
(1, 0) | 2 | 14,0A, ` [1. 0.] ` [   471.50816607 -18430.28303831]
(1, 0) | 2 | 15,05, ` [1. 0. 0.] ` [  78.07497287 -350.45668361 -852.20996259]
(1, 0) | 2 | 15,0A, ` [1. 0.] ` [   352.90847928 -18347.42361867]
(2, 2) | 2 |  ` [1. 0. 0. 0. 0. 0. 0.] ` [  150.62951236  -311.37048764  -709.37048764 -1299.37048764
 -1720.37048764 -2477.37048764 -5770.37048764]
(2, 2) | 2 | 1x,01, ` [0.8509373 0.1490627 0.        0.        0.        0.        0.
 0.       ] ` [  52.14299225    9.13413372 -136.93267649 -227.7338663  -236.63990707
 -421.05847564 -498.47085054 -457.57475189]
(2, 2) | 2 | 1x,01,11,0A, ` [1. 0.] ` [   6.19047619 -231.75741291]
(2, 2) | 2 | 1x,01,12,0A, ` [1. 0.] ` [   5.71428571 -309.42994866]
(2, 2) | 2 | 1x,01,13,0A, ` [1. 0.] ` [   5.23809524 -121.34226916]
(2, 2) | 2 | 1x,01,14,0A, ` [1. 0.] ` [52.65284793 -5.21633582]
(2, 2) | 2 | 1x,01,15,0A, ` [0.43671812 0.56328188] ` [65.84492568 84.92721571]
(2, 2) | 2 | 1x,02, ` [1. 0. 0. 0. 0. 0. 0.] ` [  51.65109435  -58.37896625 -137.67117193 -229.43855433 -386.92502879
 -535.18334054 -718.04606875]
(2, 2) | 2 | 1x,02,12,0A, ` [1. 0.] ` [   5.23809524 -493.44553902]
(2, 2) | 2 | 1x,02,13,0A, ` [1. 0.] ` [   4.76190476 -382.41778069]
(2, 2) | 2 | 1x,02,14,0A, ` [1. 0.] ` [   4.28571429 -306.76608536]
(2, 2) | 2 | 1x,02,15,0A, ` [1. 0.] ` [   0.61058345 -195.2884197 ]
(2, 2) | 2 | 1x,03, ` [1. 0. 0. 0. 0. 0.] ` [  36.85304262  -27.8093198  -309.0646852  -310.28965424 -348.29147408
 -245.9959393 ]
(2, 2) | 2 | 1x,03,13,0A, ` [0.41429423 0.58570577] ` [59.64215337 84.31870571]
(2, 2) | 2 | 1x,03,14,0A, ` [0. 1.] ` [-0.20046731 86.48021862]
(2, 2) | 2 | 1x,03,15,0A, ` [0.0926063 0.9073937] ` [ 14.05521403 137.71863058]
(2, 2) | 2 | 1x,04, ` [1. 0. 0. 0. 0.] ` [ 188.25423216  -54.64523866 -457.59895908 -651.0547317  -655.98896586]
(2, 2) | 2 | 1x,04,14,0A, ` [1. 0.] ` [141.39434468 -46.30870227]
(2, 2) | 2 | 1x,04,15,0A, ` [0.59387482 0.40612518] ` [127.30007258  87.05498633]
(2, 2) | 2 | 1x,05, ` [1. 0. 0. 0.] ` [ 165.84812916  -74.6331309  -745.02781497 -527.02422247]
(2, 2) | 2 | 1x,05,15,0A, ` [0. 1.] ` [-152.67661941  250.60527991]
(2, 2) | 2 | 1x,0A, ` [1. 0.] ` [   21.42857143 -2049.60691579]
(2, 2) | 2 | 11,01, ` [0.4649326 0.5350674 0.       ] ` [  57.29039354   65.93261491 -247.35076933]
(2, 2) | 2 | 11,02, ` [0.73221843 0.26778157 0.        ] ` [  82.40055873   30.13493015 -305.80623811]
(2, 2) | 2 | 11,03, ` [0.66903988 0.33096012 0.        ] ` [  47.23079083   23.36409064 -256.5320993 ]
(2, 2) | 2 | 11,04, ` [1. 0. 0.] ` [   6.66666667  -90.41818716 -315.12185853]
(2, 2) | 2 | 11,05, ` [1. 0. 0.] ` [   7.08333333 -124.52240882 -339.51094742]
(2, 2) | 2 | 11,0A, ` [1. 0.] ` [   17.5        -1682.76588281]
(2, 2) | 2 | 12,02, ` [0.33291391 0.66708609 0.        ] ` [  16.39352085   32.84900243 -173.53096672]
(2, 2) | 2 | 12,03, ` [1. 0. 0.] ` [   5.71428571  -47.06122227 -147.2360231 ]
(2, 2) | 2 | 12,04, ` [1. 0. 0.] ` [   6.19047619  -84.40256546 -213.74070499]
(2, 2) | 2 | 12,05, ` [1. 0. 0.] ` [  11.84536985  -91.15074382 -157.28491829]
(2, 2) | 2 | 12,0A, ` [1. 0.] ` [   18.57142857 -1998.32571603]
(2, 2) | 2 | 13,03, ` [0.7858286 0.2141714 0.       ] ` [  14.4824254     3.94707105 -288.37405686]
(2, 2) | 2 | 13,04, ` [1. 0. 0.] ` [  16.03436232 -109.17544972 -194.07056516]
(2, 2) | 2 | 13,05, ` [1. 0. 0.] ` [  27.90102491  -80.46163558 -151.80613868]
(2, 2) | 2 | 13,0A, ` [1. 0.] ` [   20.         -1315.00280804]
(2, 2) | 2 | 14,04, ` [1. 0. 0.] ` [  53.76443459 -105.85396058 -303.80153675]
(2, 2) | 2 | 14,05, ` [1. 0. 0.] ` [  42.72301559 -226.59107809 -418.69106743]
(2, 2) | 2 | 14,0A, ` [1. 0.] ` [   22.         -1013.22492036]
(2, 2) | 2 | 15,05, ` [0.56627005 0.         0.43372995] ` [ 128.92569001 -100.164164     98.74958459]
(2, 2) | 2 | 15,0A, ` [1. 0.] ` [   25.         -2240.30476177]
(4, 0) | 2 |  ` [0.18862656 0.31340708 0.         0.         0.15998841 0.16121576
 0.17676219] ` [  922.11671168  1532.11671168  -366.88328832 -1682.88328832
   782.11671168   788.11671168   864.11671168]
(1, 1) | 2 | 1x, ` [1. 0. 0. 0. 0. 0. 0.] ` [   12.68949264  -932.86189614 -1503.32110689 -2341.1377229
 -2629.25950555 -2831.59786698 -7304.75853746]
(4, 0) | 2 | 1x,01, ` [0.         0.         0.         0.12954755 0.07885268 0.
 0.         0.79159977] ` [-477.83041679 -373.71301203  -93.37622736   69.56221413   42.34095337
 -127.18408091 -125.97867174  425.05960628]
(1, 1) | 2 | 1x,01,11, ` [1. 0. 0.] ` [  1.12929424  -6.88617279 -31.38812277]
(4, 0) | 2 | 1x,01,11,0A, ` [0. 1.] ` [-1171.71335121   117.31318148]
(1, 1) | 2 | 1x,01,12, ` [1. 0. 0.] ` [  0.84947093 -20.54021118 -64.32231785]
(4, 0) | 2 | 1x,01,12,0A, ` [0. 1.] ` [-1917.42824931   187.66703494]
(1, 1) | 2 | 1x,01,13, ` [1. 0. 0.] ` [   0.89285714  -84.63093802 -129.24124784]
(4, 0) | 2 | 1x,01,13,0A, ` [0. 1.] ` [-2016.22429546     9.04761905]
(1, 1) | 2 | 1x,01,14, ` [1. 0. 0.] ` [  0.95238095 -49.23313079 -90.72464078]
(4, 0) | 2 | 1x,01,14,0A, ` [0. 1.] ` [-2495.28576677   109.9128182 ]
(1, 1) | 2 | 1x,01,15, ` [1. 0. 0.] ` [   1.01190476  -56.32575119 -103.8215339 ]
(4, 0) | 2 | 1x,01,15,0A, ` [0. 1.] ` [-2899.77356021    10.        ]
(1, 1) | 2 | 1x,01,1A, ` [1. 0.] ` [ 2.50000000e+00 -5.82157062e+03]
(4, 0) | 2 | 1x,02, ` [0. 0. 0. 0. 0. 0. 1.] ` [-2382.91604771 -2028.1464671   -361.86385892  -206.41265378
  -179.88770103  -362.90932907   103.72078207]
(1, 1) | 2 | 1x,02,12, ` [1. 0. 0.] ` [  18.00026552   -3.8420607  -131.71919888]
(4, 0) | 2 | 1x,02,12,0A, ` [0. 1.] ` [-2667.56150175     9.04761905]
(1, 1) | 2 | 1x,02,13, ` [1. 0. 0.] ` [  15.2110428   -46.74762788 -260.82105547]
(4, 0) | 2 | 1x,02,13,0A, ` [0. 1.] ` [-3155.60449814     9.52380952]
(1, 1) | 2 | 1x,02,14, ` [1. 0. 0.] ` [  12.5630442   -91.39551577 -326.99865503]
(4, 0) | 2 | 1x,02,14,0A, ` [0. 1.] ` [-3406.20047798    10.        ]
(1, 1) | 2 | 1x,02,15, ` [1. 0. 0.] ` [  1.38404859 -53.32985688 -90.14129254]
(4, 0) | 2 | 1x,02,15,0A, ` [0. 1.] ` [-3515.9523678     10.47619048]
(1, 1) | 2 | 1x,02,1A, ` [1. 0.] ` [   40.29751973 -5341.42716732]
(4, 0) | 2 | 1x,03, ` [0.         0.         0.         0.         0.37123087 0.62876913] ` [-2606.42391517 -1973.96719764  -349.95101668  -162.0622759
   109.04543775   184.69478708]
(1, 1) | 2 | 1x,03,13, ` [1. 0. 0.] ` [  0.71428571 -15.62294919 -72.37295513]
(4, 0) | 2 | 1x,03,13,0A, ` [0. 1.] ` [-4065.51000796    10.        ]
(1, 1) | 2 | 1x,03,14, ` [1. 0. 0.] ` [   1.46030937  -51.06846841 -137.20390098]
(4, 0) | 2 | 1x,03,14,0A, ` [0. 1.] ` [-4744.2214342     10.47619048]
(1, 1) | 2 | 1x,03,15, ` [1. 0. 0.] ` [    2.11034242  -792.81436536 -1927.10446257]
(4, 0) | 2 | 1x,03,15,0A, ` [0. 1.] ` [-6152.62678792    10.95238095]
(1, 1) | 2 | 1x,03,1A, ` [1. 0.] ` [ 2.85714286e+00 -3.42447327e+03]
(4, 0) | 2 | 1x,04, ` [0.40845748 0.303256   0.         0.         0.28828652] ` [ 182.75987365  135.688609   -467.55333737 -438.90922112  128.99067698]
(1, 1) | 2 | 1x,04,14, ` [1. 0. 0.] ` [   6.97233511 -153.92694893 -428.92926741]
(4, 0) | 2 | 1x,04,14,0A, ` [0. 1.] ` [-653.28610963   10.95238095]
(1, 1) | 2 | 1x,04,15, ` [1. 0. 0.] ` [   7.08526242 -291.92717514 -643.88495736]
(4, 0) | 2 | 1x,04,15,0A, ` [0. 1.] ` [-1301.86581421    11.42857143]
(1, 1) | 2 | 1x,04,1A, ` [1. 0.] ` [ 3.14285714e+00 -3.34406324e+03]
(4, 0) | 2 | 1x,05, ` [0. 0. 0. 1.] ` [-932.39074397 -557.14182312 -199.86864046  164.78459   ]
(1, 1) | 2 | 1x,05,15, ` [1. 0. 0.] ` [   8.6155309  -185.47406936 -388.42783584]
(4, 0) | 2 | 1x,05,15,0A, ` [0. 1.] ` [-7054.86144706    11.9047619 ]
(1, 1) | 2 | 1x,05,1A, ` [1. 0.] ` [ 3.57142857e+00 -4.12798819e+03]
(4, 0) | 2 | 1x,0A, ` [0. 1.] ` [-1276.19887626    21.42857143]
(1, 1) | 2 | 11, ` [1. 0. 0. 0. 0. 0. 0. 0.] ` [   16.76244327 -1033.73282428 -2001.64093301 -2736.34564479
 -3045.15234017 -3545.94383737 -3544.12266299 -4352.56716093]
(4, 0) | 2 | 11,01, ` [0. 0. 1.] ` [-2684.87676864 -1659.31627786    13.33333333]
(1, 1) | 2 | 11,01,1A, ` [1. 0.] ` [ 6.19047619e+00 -6.61912923e+03]
(4, 0) | 2 | 11,02, ` [0. 0. 1.] ` [-2551.51783009 -1489.46168726    13.33333333]
(1, 1) | 2 | 11,02,1A, ` [1. 0.] ` [ 5.71428571e+00 -5.97515528e+03]
(4, 0) | 2 | 11,03, ` [0. 0. 1.] ` [-3351.09504817 -1917.32081353    14.91163345]
(1, 1) | 2 | 11,03,1A, ` [1. 0.] ` [    5.23809524 -5225.51959847]
(4, 0) | 2 | 11,04, ` [0. 0. 1.] ` [-950.02646669 -427.3394218    39.52709473]
(1, 1) | 2 | 11,04,1A, ` [1. 0.] ` [    4.76190476 -4569.66061692]
(4, 0) | 2 | 11,05, ` [0. 0. 1.] ` [-846.41592264 -396.99117732   50.32081094]
(1, 1) | 2 | 11,05,1A, ` [1. 0.] ` [    4.28571429 -4163.80520327]
(4, 0) | 2 | 11,0A, ` [0. 1.] ` [-641.55987138  535.03991624]
(1, 1) | 2 | 12, ` [1. 0. 0. 0. 0. 0. 0.] ` [   15.260894    -308.2641221   -437.98807754  -542.27974356
  -637.38631684  -677.24906492 -1646.33348621]
(4, 0) | 2 | 12,02, ` [0.         0.47547624 0.52452376] ` [-869.95246444   85.81584461   94.6681359 ]
(1, 1) | 2 | 12,02,1A, ` [1. 0.] ` [    5.23809524 -1101.57205209]
(4, 0) | 2 | 12,03, ` [0. 1. 0.] ` [-295.52833801  116.72286011 -140.87359224]
(1, 1) | 2 | 12,03,1A, ` [1. 0.] ` [   4.76190476 -946.48136957]
(4, 0) | 2 | 12,04, ` [0. 1. 0.] ` [-198.10044063  161.48998987 -451.67878366]
(1, 1) | 2 | 12,04,1A, ` [1. 0.] ` [   4.28571429 -741.59808525]
(4, 0) | 2 | 12,05, ` [0. 1. 0.] ` [-211.95536894  110.26829822 -149.23780898]
(1, 1) | 2 | 12,05,1A, ` [1. 0.] ` [   3.80952381 -610.71817296]
(4, 0) | 2 | 12,0A, ` [0. 1.] ` [-8802.77873604    24.28571429]
(1, 1) | 2 | 13, ` [1. 0. 0. 0. 0. 0.] ` [  19.51843822 -174.62453562 -292.54301342 -348.37079049 -346.14751671
 -726.68379476]
(4, 0) | 2 | 13,03, ` [0.         0.51461298 0.48538702] ` [-1406.81867718   247.45295741   233.39957825]
(1, 1) | 2 | 13,03,1A, ` [1. 0.] ` [   4.28571429 -396.06979073]
(4, 0) | 2 | 13,04, ` [0.29426599 0.70573401 0.        ] ` [  51.73410825  124.07318749 -159.74088455]
(1, 1) | 2 | 13,04,1A, ` [1. 0.] ` [   3.80952381 -288.58415387]
(4, 0) | 2 | 13,05, ` [0.20918204 0.79081796 0.        ] ` [  37.78563755  142.84955451 -331.15803428]
(1, 1) | 2 | 13,05,1A, ` [1. 0.] ` [   3.33333333 -149.59567803]
(4, 0) | 2 | 13,0A, ` [0. 1.] ` [-10992.68528209     30.        ]
(1, 1) | 2 | 14, ` [1. 0. 0. 0. 0.] ` [  24.223206   -262.48285796 -512.15676417 -592.08608993 -833.20454319]
(4, 0) | 2 | 14,04, ` [0. 1. 0.] ` [-702.97212392   86.13469011 -128.70094869]
(1, 1) | 2 | 14,04,1A, ` [1. 0.] ` [   3.33333333 -133.21272062]
(4, 0) | 2 | 14,05, ` [0. 1. 0.] ` [-864.98667098   86.47507138  -81.08666437]
(1, 1) | 2 | 14,05,1A, ` [1. 0.] ` [ 11.81048402 -97.50857756]
(4, 0) | 2 | 14,0A, ` [0. 1.] ` [-16047.57365329     38.        ]
(1, 1) | 2 | 15, ` [1. 0. 0. 0.] ` [  144.36802774  -972.82510551 -2496.5160453  -2770.01264266]
(4, 0) | 2 | 15,05, ` [0.         0.75169772 0.24830228] ` [-461.24598072   83.55688168   27.60067451]
(1, 1) | 2 | 15,05,1A, ` [1. 0.] ` [  82.627358   -342.43507964]
(4, 0) | 2 | 15,0A, ` [0. 1.] ` [-21059.47840277     50.        ]
(1, 1) | 2 | 1A, ` [1. 0.] ` [  362.56569548 -2939.04838391]
(1, 1) | 2 |  ` [1. 0. 0. 0. 0. 0. 0.] ` [   642.16002448  -1896.83997552  -4032.83997552  -5011.83997552
  -8543.83997552  -8731.83997552 -22926.83997552]
(1, 2) | 2 | 1x, ` [1. 0. 0. 0. 0. 0. 0.] ` [  108.8461186   -368.20868072  -652.35259728  -993.93050556
 -1275.71132589 -1381.17591516 -2504.48130738]
(1, 1) | 2 | 1x,01, ` [1. 0. 0. 0. 0. 0. 0. 0.] ` [   62.72144857  -295.30347015  -578.75448782 -1069.23166739
  -852.56574293 -1562.48537066 -1542.97945359 -4913.26684448]
(1, 2) | 2 | 1x,01,11, ` [0.24453995 0.39691568 0.35854438] ` [4.79263653 7.77898498 7.02696192]
(1, 1) | 2 | 1x,01,11,0A, ` [1. 0.] ` [   33.628399   -2937.69603006]
(1, 2) | 2 | 1x,01,12, ` [1. 0. 0.] ` [  0.92261905 -12.4297866  -30.30597543]
(1, 1) | 2 | 1x,01,12,0A, ` [1. 0.] ` [   18.77099941 -3336.10861151]
(1, 2) | 2 | 1x,01,13, ` [1. 0. 0.] ` [  7.49494237 -16.0790855   -6.87667692]
(1, 1) | 2 | 1x,01,13,0A, ` [1. 0.] ` [   29.45987554 -2341.57866242]
(1, 2) | 2 | 1x,01,14, ` [0.39844165 0.         0.60155835] ` [  3.74824017 -28.69798687   5.65900963]
(1, 1) | 2 | 1x,01,14,0A, ` [1. 0.] ` [   27.03198981 -2305.81600156]
(1, 2) | 2 | 1x,01,15, ` [1. 0. 0.] ` [  1.01190476 -28.0903326   -6.17271409]
(1, 1) | 2 | 1x,01,15,0A, ` [1. 0.] ` [   30.98165612 -1977.9253764 ]
(1, 2) | 2 | 1x,01,1A, ` [1. 0.] ` [    2.5        -2357.27703815]
(1, 1) | 2 | 1x,02, ` [1. 0. 0. 0. 0. 0. 0.] ` [   79.44981247  -177.7993162   -428.85316713  -621.63259688
  -861.73579758 -1061.51514795 -1621.2385988 ]
(1, 2) | 2 | 1x,02,12, ` [0.44564168 0.31423738 0.24012094] ` [15.92526975 11.22945917  8.58086412]
(1, 1) | 2 | 1x,02,12,0A, ` [1. 0.] ` [  43.42326725 -863.14145508]
(1, 2) | 2 | 1x,02,13, ` [1. 0. 0.] ` [ 18.55402691  -5.03734368 -59.40998748]
(1, 1) | 2 | 1x,02,13,0A, ` [1. 0.] ` [  69.82168999 -744.48717596]
(1, 2) | 2 | 1x,02,14, ` [1. 0. 0.] ` [ 17.15875353 -18.30837849 -87.21130272]
(1, 1) | 2 | 1x,02,14,0A, ` [1. 0.] ` [ 124.60586635 -562.79538356]
(1, 2) | 2 | 1x,02,15, ` [0.12481778 0.15925379 0.71592843] ` [ 4.75034204  6.06091518 27.2469584 ]
(1, 1) | 2 | 1x,02,15,0A, ` [1. 0.] ` [ 109.89301673 -595.15507679]
(1, 2) | 2 | 1x,02,1A, ` [1. 0.] ` [    2.65306122 -2132.3309781 ]
(1, 1) | 2 | 1x,03, ` [1. 0. 0. 0. 0. 0.] ` [  322.82593151  -286.53378983 -1185.47429809 -1385.57327332
 -2203.81986422 -2561.27611137]
(1, 2) | 2 | 1x,03,13, ` [0.59562958 0.29018964 0.11418079] ` [21.80005372 10.62094619  4.17901899]
(1, 1) | 2 | 1x,03,13,0A, ` [1. 0.] ` [ 170.62666032 -898.71445737]
(1, 2) | 2 | 1x,03,14, ` [1. 0. 0.] ` [ 22.57278949  -3.50702862 -51.02437986]
(1, 1) | 2 | 1x,03,14,0A, ` [1. 0.] ` [ 184.70930662 -723.02923247]
(1, 2) | 2 | 1x,03,15, ` [1. 0. 0.] ` [  17.89376645 -235.57649112 -590.78409839]
(1, 1) | 2 | 1x,03,15,0A, ` [1. 0.] ` [ 361.61137336 -396.57533529]
(1, 2) | 2 | 1x,03,1A, ` [1. 0.] ` [    2.85714286 -1331.0222762 ]
(1, 1) | 2 | 1x,04, ` [1. 0. 0. 0. 0.] ` [  191.76475526  -480.3012639  -1474.09168502 -1808.8514128
 -2206.71538345]
(1, 2) | 2 | 1x,04,14, ` [1. 0. 0.] ` [  26.31644169  -35.40864814 -159.68727706]
(1, 1) | 2 | 1x,04,14,0A, ` [1. 0.] ` [ 159.88474233 -286.28251029]
(1, 2) | 2 | 1x,04,15, ` [1. 0. 0.] ` [  26.5718448   -84.45457041 -231.73848288]
(1, 1) | 2 | 1x,04,15,0A, ` [1. 0.] ` [ 162.52652039 -158.53849541]
(1, 2) | 2 | 1x,04,1A, ` [1. 0.] ` [   66.37168353 -1227.50125207]
(1, 1) | 2 | 1x,05, ` [1. 0. 0. 0.] ` [  127.01131931 -1741.23275507 -4414.21016876 -5463.43518953]
(1, 2) | 2 | 1x,05,15, ` [0.64381575 0.35618425 0.        ] ` [ 47.88747924  26.49324135 -29.38041512]
(1, 1) | 2 | 1x,05,15,0A, ` [1. 0.] ` [ 150.10254518 -858.19763267]
(1, 2) | 2 | 1x,05,1A, ` [1. 0.] ` [   80.16470448 -1465.6217869 ]
(1, 1) | 2 | 1x,0A, ` [1. 0.] ` [  118.43694093 -4743.40674957]
(1, 2) | 2 | 11, ` [1. 0. 0. 0. 0. 0. 0. 0.] ` [  154.91004615  -330.91074626  -634.32071502  -969.51845006
 -1022.9887366  -1424.31531049 -1524.31691144 -1680.03620761]
(1, 1) | 2 | 11,01, ` [1. 0. 0.] ` [ 127.33814299  -23.28356288 -464.48559322]
(1, 2) | 2 | 11,01,1A, ` [1. 0.] ` [    6.19047619 -3013.87407212]
(1, 1) | 2 | 11,02, ` [1. 0. 0.] ` [  120.14389722  -135.49212162 -1206.2141265 ]
(1, 2) | 2 | 11,02,1A, ` [1. 0.] ` [   34.81263903 -2396.06391376]
(1, 1) | 2 | 11,03, ` [1. 0. 0.] ` [  128.1527161   -758.0344746  -4023.11135258]
(1, 2) | 2 | 11,03,1A, ` [1. 0.] ` [   39.18111919 -1840.66805504]
(1, 1) | 2 | 11,04, ` [1. 0. 0.] ` [  101.25025934  -267.31073391 -1029.86889057]
(1, 2) | 2 | 11,04,1A, ` [1. 0.] ` [  135.89107359 -1455.0168485 ]
(1, 1) | 2 | 11,05, ` [1. 0. 0.] ` [  95.22122047 -180.61993935 -472.33506933]
(1, 2) | 2 | 11,05,1A, ` [1. 0.] ` [  167.33362317 -1331.13585374]
(1, 1) | 2 | 11,0A, ` [1. 0.] ` [    55.46104789 -10329.46927912]
(1, 2) | 2 | 12, ` [1. 0. 0. 0. 0. 0. 0.] ` [   14.75390135  -318.40118476  -231.54237095  -266.36791142
  -309.52446069  -322.31343226 -1292.18512363]
(1, 1) | 2 | 12,02, ` [1. 0. 0.] ` [   67.92901637  -297.7804078  -2391.06867153]
(1, 2) | 2 | 12,02,1A, ` [1. 0.] ` [  55.17999451 -550.01982816]
(1, 1) | 2 | 12,03, ` [1. 0. 0.] ` [   85.84015474  -202.64580135 -1212.37634544]
(1, 2) | 2 | 12,03,1A, ` [1. 0.] ` [  59.47862051 -463.43643975]
(1, 1) | 2 | 12,04, ` [1. 0. 0.] ` [  114.18981451  -587.96133771 -2166.60220011]
(1, 2) | 2 | 12,04,1A, ` [1. 0.] ` [  63.29361073 -366.63531188]
(1, 1) | 2 | 12,05, ` [1. 0. 0.] ` [  110.09476364  -523.63962961 -1505.9901958 ]
(1, 2) | 2 | 12,05,1A, ` [1. 0.] ` [  65.69781391 -251.43090509]
(1, 1) | 2 | 12,0A, ` [1. 0.] ` [  387.54597302 -6936.10120473]
(1, 2) | 2 | 13, ` [1. 0. 0. 0. 0. 0.] ` [  13.11044752 -134.78431121 -139.82322229 -194.02950577 -258.54667213
 -543.20214852]
(1, 1) | 2 | 13,03, ` [1. 0. 0.] ` [   95.66830502  -683.95776753 -3216.77664938]
(1, 2) | 2 | 13,03,1A, ` [1. 0.] ` [   4.28571429 -179.0161338 ]
(1, 1) | 2 | 13,04, ` [1. 0. 0.] ` [  82.60318466 -103.47281161 -508.33937587]
(1, 2) | 2 | 13,04,1A, ` [1. 0.] ` [   3.80952381 -153.21151607]
(1, 1) | 2 | 13,05, ` [1. 0. 0.] ` [   92.61643612  -483.45558772 -1283.60207232]
(1, 2) | 2 | 13,05,1A, ` [1. 0.] ` [ 33.78777888 -27.57045706]
(1, 1) | 2 | 13,0A, ` [1. 0.] ` [  399.58440291 -8791.72143652]
(1, 2) | 2 | 14, ` [1. 0. 0. 0. 0.] ` [  11.76643551 -171.64368257 -306.09687499 -370.4141274  -418.82641463]
(1, 1) | 2 | 14,04, ` [1. 0. 0.] ` [  96.26001096 -186.81033816 -794.43030973]
(1, 2) | 2 | 14,04,1A, ` [1. 0.] ` [ 29.37792141 -60.70650405]
(1, 1) | 2 | 14,05, ` [1. 0. 0.] ` [ 106.38714455 -329.96099089 -846.72087973]
(1, 2) | 2 | 14,05,1A, ` [0.7840281 0.2159719] ` [48.17688294 13.27102043]
(1, 1) | 2 | 14,0A, ` [1. 0.] ` [   484.4561967  -11551.91464529]
(1, 2) | 2 | 15, ` [1. 0. 0. 0.] ` [   11.28571429  -522.28045986 -1096.91329341 -1283.28623075]
(1, 1) | 2 | 15,05, ` [0.92148389 0.07851611 0.        ] ` [ 154.72831902   13.18380641 -156.65130343]
(1, 2) | 2 | 15,05,1A, ` [1. 0.] ` [ 50.89164378 -83.49048874]
(1, 1) | 2 | 15,0A, ` [1. 0.] ` [   487.52556467 -10184.92587467]
(1, 2) | 2 | 1A, ` [1. 0.] ` [   21.42857143 -3819.80967866]
(3, 1) | 2 |  ` [0.31755024 0.53272639 0.14972337 0.         0.         0.
 0.        ] ` [  603.58942157  1012.58942157   284.58942157  -221.41057843
  -857.41057843 -1299.41057843   -84.41057843]
(3, 1) | 2 | 1x,01, ` [0.4279069  0.4187737  0.03700614 0.02235656 0.         0.
 0.         0.0939567 ] ` [ 276.6811647   270.77571232   23.9278743    14.45557405 -107.41812531
   -6.10154756 -174.95129353   60.75164544]
(3, 1) | 2 | 1x,01,11,0A, ` [1. 0.] ` [ 164.93912892 -100.50798318]
(3, 1) | 2 | 1x,01,12,0A, ` [0.12498031 0.87501969] ` [ 26.47233063 185.33967474]
(3, 1) | 2 | 1x,01,13,0A, ` [0.88083338 0.11916662] ` [173.09389753  23.41761159]
(3, 1) | 2 | 1x,01,14,0A, ` [0. 1.] ` [-42.26294804  92.50290279]
(3, 1) | 2 | 1x,01,15,0A, ` [0.294202 0.705798] ` [ 70.49299639 169.1144705 ]
(3, 1) | 2 | 1x,02, ` [0. 0. 0. 0. 0. 0. 1.] ` [-99.69544313 -74.12719367 -32.17844104  -4.84843204  -2.03325805
  -2.80928684  37.27977758]
(3, 1) | 2 | 1x,02,12,0A, ` [0. 1.] ` [-200.30722729   32.4902531 ]
(3, 1) | 2 | 1x,02,13,0A, ` [0. 1.] ` [-287.44448843   47.02230796]
(3, 1) | 2 | 1x,02,14,0A, ` [0. 1.] ` [-308.58799866   41.60980532]
(3, 1) | 2 | 1x,02,15,0A, ` [0. 1.] ` [-350.74336067    1.67910448]
(3, 1) | 2 | 1x,03, ` [0.50964379 0.44156523 0.         0.04879098 0.         0.        ] ` [ 179.74684656  155.73614008  -94.72604056   17.20814734 -143.56062891
  -30.44420318]
(3, 1) | 2 | 1x,03,13,0A, ` [0. 1.] ` [-59.19943416  96.26859941]
(3, 1) | 2 | 1x,03,14,0A, ` [0. 1.] ` [-242.48705339    3.13116753]
(3, 1) | 2 | 1x,03,15,0A, ` [0. 1.] ` [-197.25268487  153.55240833]
(3, 1) | 2 | 1x,04, ` [0.98164825 0.01835175 0.         0.         0.        ] ` [ 205.29448531    3.83794674 -497.39613078 -614.16193079 -571.24330884]
(3, 1) | 2 | 1x,04,14,0A, ` [0.48635189 0.51364811] ` [115.35817057 121.83258012]
(3, 1) | 2 | 1x,04,15,0A, ` [0.35465742 0.64534258] ` [ 77.19519792 140.46610719]
(3, 1) | 2 | 1x,05, ` [1. 0. 0. 0.] ` [ 188.8223225  -104.07223857 -799.74641478 -689.8613607 ]
(3, 1) | 2 | 1x,05,15,0A, ` [0.43001114 0.56998886] ` [71.63500035 94.95370763]
(3, 1) | 2 | 1x,0A, ` [1. 0.] ` [440.58828828 -25.88831162]
(3, 1) | 2 | 11,01, ` [0. 0. 1.] ` [-254.17983282 -104.62822478   46.36407125]
(3, 1) | 2 | 11,02, ` [0.       0.525861 0.474139] ` [-29.56608271  81.82574347  73.77762559]
(3, 1) | 2 | 11,03, ` [0.5332218 0.4667782 0.       ] ` [ 162.34346012  142.11419581 -162.48852775]
(3, 1) | 2 | 11,04, ` [0.58376624 0.41623376 0.        ] ` [168.49388587 120.13857428 -92.67016496]
(3, 1) | 2 | 11,05, ` [0.24956137 0.37887707 0.37156156] ` [ 90.40851586 137.25567001 134.60548382]
(3, 1) | 2 | 11,0A, ` [1. 0.] ` [  171.33528139 -1687.29749488]
(3, 1) | 2 | 12,02, ` [0.39089003 0.60910997 0.        ] ` [  49.66191364   77.38638452 -161.85644858]
(3, 1) | 2 | 12,03, ` [0.52750115 0.47249885 0.        ] ` [  74.37155914   66.61687101 -107.95002458]
(3, 1) | 2 | 12,04, ` [0.63494659 0.36505341 0.        ] ` [ 134.99798188   77.6151487  -172.08641426]
(3, 1) | 2 | 12,05, ` [0.90373869 0.09626131 0.        ] ` [ 107.77181148   11.47926443 -184.77379035]
(3, 1) | 2 | 12,0A, ` [1. 0.] ` [ 340.1816448  -140.03138062]
(3, 1) | 2 | 13,03, ` [0.44344942 0.55655058 0.        ] ` [ 116.0619859   145.66343557 -144.9168112 ]
(3, 1) | 2 | 13,04, ` [0.38691169 0.47998316 0.13310516] ` [74.73464964 92.71204332 25.71017484]
(3, 1) | 2 | 13,05, ` [0.65266626 0.34733374 0.        ] ` [128.38625462  68.3241653  -88.73307813]
(3, 1) | 2 | 13,0A, ` [1. 0.] ` [ 263.08968596 -334.41002202]
(3, 1) | 2 | 14,04, ` [0.         0.67615485 0.32384515] ` [-15.64748488 133.90503926  64.13397313]
(3, 1) | 2 | 14,05, ` [0.19861559 0.60584407 0.19554033] ` [ 50.89278511 155.24003877  50.10478842]
(3, 1) | 2 | 14,0A, ` [1. 0.] ` [ 573.1571409  -131.91912664]
(3, 1) | 2 | 15,05, ` [0.62478188 0.28523869 0.08997943] ` [198.36449704  90.56157273  28.5679276 ]
(3, 1) | 2 | 15,0A, ` [0.54430809 0.45569191] ` [281.11588557 235.34876012]
(5, 0) | 2 |  ` [0. 0. 0. 0. 0. 0. 1.] ` [-225.31998986 -156.31998986 -143.31998986 -368.31998986 -454.31998986
 -540.31998986 1152.68001014]
(5, 0) | 2 | 1x,01, ` [0.         0.         0.         0.05422272 0.         0.
 0.         0.94577728] ` [-882.10110766 -802.17510406  -63.3406434     6.2832497   -22.70967148
 -132.04406823 -134.1251423   109.59529146]
(5, 0) | 2 | 1x,01,11,0A, ` [0. 1.] ` [-920.99579015    4.0720496 ]
(5, 0) | 2 | 1x,01,12,0A, ` [0. 1.] ` [-1060.49962912     9.3037647 ]
(5, 0) | 2 | 1x,01,13,0A, ` [0. 1.] ` [-1055.29742436     9.23406051]
(5, 0) | 2 | 1x,01,14,0A, ` [0. 1.] ` [-1014.76075156     7.63456278]
(5, 0) | 2 | 1x,01,15,0A, ` [0. 1.] ` [-1071.99392766     6.67723146]
(5, 0) | 2 | 1x,02, ` [0. 0. 0. 0. 0. 0. 1.] ` [-3.97760465e+02 -3.32552056e+02 -7.27104968e+01 -4.02388574e+01
 -1.17674389e-01 -1.44606019e+01  3.84286267e+01]
(5, 0) | 2 | 1x,02,12,0A, ` [0. 1.] ` [-366.69370504    5.74843196]
(5, 0) | 2 | 1x,02,13,0A, ` [0. 1.] ` [-425.88223733    3.66585434]
(5, 0) | 2 | 1x,02,14,0A, ` [0. 1.] ` [-521.41589113    3.29748822]
(5, 0) | 2 | 1x,02,15,0A, ` [0. 1.] ` [-529.39900907   10.47619048]
(5, 0) | 2 | 1x,03, ` [0.         0.         0.         0.         0.13961601 0.86038399] ` [-971.85489921 -758.4755806   -26.98856321  -20.84593415    8.22849731
   50.7081342 ]
(5, 0) | 2 | 1x,03,13,0A, ` [0. 1.] ` [-1.22516804e+03  9.87611004e-02]
(5, 0) | 2 | 1x,03,14,0A, ` [0. 1.] ` [-1.30145290e+03  1.07787334e-01]
(5, 0) | 2 | 1x,03,15,0A, ` [0. 1.] ` [-1.44026089e+03  1.03920205e-01]
(5, 0) | 2 | 1x,04, ` [0.         0.         0.         0.38082367 0.61917633] ` [-517.1301514  -355.91174564  -20.41246378   15.82943683   25.73687818]
(5, 0) | 2 | 1x,04,14,0A, ` [0. 1.] ` [-899.47835394    2.22487864]
(5, 0) | 2 | 1x,04,15,0A, ` [0. 1.] ` [-1046.30485687     2.32161249]
(5, 0) | 2 | 1x,05, ` [0. 0. 0. 1.] ` [-1168.78450015  -763.24744629   -33.10558595    28.02734923]
(5, 0) | 2 | 1x,05,15,0A, ` [0. 1.] ` [-1844.91539565    23.48224703]
(5, 0) | 2 | 1x,0A, ` [0. 1.] ` [-1638.47992931    63.02863662]
(5, 0) | 2 | 11,01, ` [0. 0. 1.] ` [-508.37987413 -316.35310687   15.41685495]
(5, 0) | 2 | 11,02, ` [0. 0. 1.] ` [-743.16873253 -504.21981666   32.99025591]
(5, 0) | 2 | 11,03, ` [0. 0. 1.] ` [-1385.81745136  -913.59715715    14.60253898]
(5, 0) | 2 | 11,04, ` [0. 0. 1.] ` [-357.31774521 -218.26973241   40.17035717]
(5, 0) | 2 | 11,05, ` [0. 0. 1.] ` [-273.6882575  -144.51379353   41.06703559]
(5, 0) | 2 | 11,0A, ` [0. 1.] ` [-2731.04179504    40.80060589]
(5, 0) | 2 | 12,02, ` [0. 0. 1.] ` [-702.13531502 -374.86996913   16.81456488]
(5, 0) | 2 | 12,03, ` [0. 0. 1.] ` [-349.20811454 -140.4988965    19.66782194]
(5, 0) | 2 | 12,04, ` [0. 0. 1.] ` [-513.48241014 -188.75011611   37.63661602]
(5, 0) | 2 | 12,05, ` [0. 0. 1.] ` [-378.44613848 -121.83672444   31.0142301 ]
(5, 0) | 2 | 12,0A, ` [0. 1.] ` [-4361.80733734   116.66615134]
(5, 0) | 2 | 13,03, ` [0. 0. 1.] ` [-1319.34357347  -591.1045857     55.01919387]
(5, 0) | 2 | 13,04, ` [0. 0. 1.] ` [-221.34572961  -37.86316096   22.15789942]
(5, 0) | 2 | 13,05, ` [0. 0. 1.] ` [-374.51159624  -61.84262751   31.23190428]
(5, 0) | 2 | 13,0A, ` [0. 1.] ` [-4702.81318535    89.42497167]
(5, 0) | 2 | 14,04, ` [0. 0. 1.] ` [-527.06735849 -101.30366468   21.14568496]
(5, 0) | 2 | 14,05, ` [0. 0. 1.] ` [-740.82224972 -152.87248493   15.50826954]
(5, 0) | 2 | 14,0A, ` [0. 1.] ` [-5263.92059946    93.42566576]
(5, 0) | 2 | 15,05, ` [0.         0.29663333 0.70336667] ` [-444.88645502   30.45182373   72.2063096 ]
(5, 0) | 2 | 15,0A, ` [0. 1.] ` [-6879.15205612   134.82235778]
(1, 3) | 2 |  ` [0.3091973  0.18381321 0.19538713 0.18638519 0.08093395 0.04428322
 0.        ] ` [480.87020191 285.87020191 303.87020191 289.87020191 125.87020191
  68.87020191 -18.12979809]
(1, 3) | 2 | 1x,01, ` [0.29233424 0.25565966 0.25287542 0.         0.19913067 0.
 0.         0.        ] ` [  56.34609788   49.27723844   48.74058964 -158.09893452   38.38153233
  -97.98286068  -50.73152769 -172.9627986 ]
(1, 3) | 2 | 1x,01,11,0A, ` [1. 0.] ` [   5.29817533 -128.17242089]
(1, 3) | 2 | 1x,01,12,0A, ` [0.66598399 0.33401601] ` [138.91074418  69.66896028]
(1, 3) | 2 | 1x,01,13,0A, ` [1. 0.] ` [   4.99301676 -116.4013256 ]
(1, 3) | 2 | 1x,01,14,0A, ` [0.76480713 0.23519287] ` [70.37826542 21.64266784]
(1, 3) | 2 | 1x,01,15,0A, ` [1. 0.] ` [ 37.99906921 -11.75336875]
(1, 3) | 2 | 1x,02, ` [0.54869409 0.45130591 0.         0.         0.         0.
 0.        ] ` [ 96.47477395  79.35138308  -2.51687573  -2.83443192  -2.85394316
 -19.41259126  -8.97661733]
(1, 3) | 2 | 1x,02,12,0A, ` [0.81425852 0.18574148] ` [63.68757571 14.52784888]
(1, 3) | 2 | 1x,02,13,0A, ` [0.78493092 0.21506908] ` [55.81245894 15.29247251]
(1, 3) | 2 | 1x,02,14,0A, ` [0.74908607 0.25091393] ` [47.93734217 16.05709613]
(1, 3) | 2 | 1x,02,15,0A, ` [1. 0.] ` [45.03077369 -5.62698472]
(1, 3) | 2 | 1x,03, ` [0.51126378 0.29396379 0.16480948 0.02996294 0.         0.        ] ` [ 44.09255162  25.3521062   14.21354438   2.58407244 -48.6381308
 -16.67383605]
(1, 3) | 2 | 1x,03,13,0A, ` [0.23580095 0.76419905] ` [ 5.42608361 17.5852045 ]
(1, 3) | 2 | 1x,03,14,0A, ` [0.26906194 0.73093806] ` [ 6.82039161 18.52838675]
(1, 3) | 2 | 1x,03,15,0A, ` [0.80077988 0.19922012] ` [21.18979265  5.27165207]
(1, 3) | 2 | 1x,04, ` [0.61644685 0.38355315 0.         0.         0.        ] ` [ 205.39373381  127.79595379  -71.27352969 -118.45750369  -51.74275334]
(1, 3) | 2 | 1x,04,14,0A, ` [0.30108984 0.69891016] ` [33.36451379 77.44797312]
(1, 3) | 2 | 1x,04,15,0A, ` [0.2454001 0.7545999] ` [27.21066998 83.67221082]
(1, 3) | 2 | 1x,05, ` [0.28858733 0.26577582 0.         0.44563685] ` [ 36.73847587  33.8344679  -24.02132853  56.73159266]
(1, 3) | 2 | 1x,05,15,0A, ` [0. 1.] ` [-63.27359972  87.41587369]
(1, 3) | 2 | 1x,0A, ` [1. 0.] ` [ 147.14562357 -664.540715  ]
(1, 3) | 2 | 11,01, ` [0.47127851 0.47784985 0.05087165] ` [119.62767293 121.29571858  12.91308   ]
(1, 3) | 2 | 11,02, ` [0.47024841 0.52975159 0.        ] ` [40.14407387 45.22372951 -5.38469839]
(1, 3) | 2 | 11,03, ` [0.36261146 0.39869857 0.23868998] ` [29.61764179 32.56519061 19.49589297]
(1, 3) | 2 | 11,04, ` [0.65033607 0.34966393 0.        ] ` [122.536892    65.88398429 -15.15140909]
(1, 3) | 2 | 11,05, ` [0.41252476 0.0016246  0.58585064] ` [23.35309197  0.09196864 33.16509751]
(1, 3) | 2 | 11,0A, ` [1. 0.] ` [ 280.         -500.18152726]
(1, 3) | 2 | 12,02, ` [0.54663309 0.45336691 0.        ] ` [ 71.80241777  59.55153638 -47.734422  ]
(1, 3) | 2 | 12,03, ` [0.59392154 0.40607846 0.        ] ` [ 60.33981345  41.25578361 -43.91084772]
(1, 3) | 2 | 12,04, ` [0.79622218 0.20377782 0.        ] ` [ 56.78142559  14.53211844 -86.9645967 ]
(1, 3) | 2 | 12,05, ` [1. 0. 0.] ` [ 36.44554206  -5.2306744  -71.91262074]
(1, 3) | 2 | 12,0A, ` [1. 0.] ` [ 279.62822051 -213.6301654 ]
(1, 3) | 2 | 13,03, ` [1. 0. 0.] ` [  9.28523131  -1.20660446 -32.68211176]
(1, 3) | 2 | 13,04, ` [1. 0. 0.] ` [ 10.88355442  -8.88487809 -48.4217431 ]
(1, 3) | 2 | 13,05, ` [1. 0. 0.] ` [  56.47693599  -23.49452719 -135.45457565]
(1, 3) | 2 | 13,0A, ` [1. 0.] ` [ 296.67581818 -215.65172643]
(1, 3) | 2 | 14,04, ` [1. 0. 0.] ` [ 28.76785731 -15.28710818 -92.3832978 ]
(1, 3) | 2 | 14,05, ` [1. 0. 0.] ` [ 31.55786596 -27.35752067 -98.05598462]
(1, 3) | 2 | 14,0A, ` [1. 0.] ` [ 311.65167488 -182.08647029]
(1, 3) | 2 | 15,05, ` [1. 0. 0.] ` [  14.73443336  -56.08927652 -126.9129864 ]
(1, 3) | 2 | 15,0A, ` [1. 0.] ` [ 328.71060769 -129.64197255]
(5, 0) | 2 | 1x, ` [0.         0.         0.         0.         0.62716376 0.23469643
 0.13813982] ` [-1992.28284157   -71.86585846  -229.40562154  -191.7407145
   232.03200302    86.83072183    51.1076374 ]
(5, 0) | 2 | 1x,01,11, ` [0. 0. 1.] ` [-40.48217594 -25.97674517   1.9047619 ]
(5, 0) | 2 | 1x,01,12, ` [0. 0. 1.] ` [-14.98404576  -1.13047924   4.74391542]
(5, 0) | 2 | 1x,01,13, ` [0. 0. 1.] ` [-94.46195551 -38.37938328  34.11476314]
(5, 0) | 2 | 1x,01,14, ` [0. 0. 1.] ` [-30.91126474  -2.08411804   9.15009225]
(5, 0) | 2 | 1x,01,15, ` [0. 0. 1.] ` [-22.75346237  -0.42235345   9.19148321]
(5, 0) | 2 | 1x,01,1A, ` [0. 1.] ` [-1750.73172164    13.45175853]
(5, 0) | 2 | 1x,02,12, ` [0.        0.5127487 0.4872513] ` [-4.77205955 15.11256049 14.36105985]
(5, 0) | 2 | 1x,02,13, ` [0. 0. 1.] ` [-117.19956472  -39.06731751   36.41081044]
(5, 0) | 2 | 1x,02,14, ` [0. 0. 1.] ` [-156.64620265  -51.0228708    37.76279025]
(5, 0) | 2 | 1x,02,15, ` [0. 0. 1.] ` [-35.35389095 -14.18918494   2.53128816]
(5, 0) | 2 | 1x,02,1A, ` [0. 1.] ` [-1668.15884538    14.72440945]
(5, 0) | 2 | 1x,03,13, ` [0.         0.56533395 0.43466605] ` [-3.25353996 20.40759569 15.69070631]
(5, 0) | 2 | 1x,03,14, ` [0.         0.34101135 0.65898865] ` [-23.72171951   6.13342306  11.85255634]
(5, 0) | 2 | 1x,03,15, ` [0. 0. 1.] ` [-700.05377547 -221.61109973   41.28079351]
(5, 0) | 2 | 1x,03,1A, ` [0. 1.] ` [-1257.77038083    10.39370079]
(5, 0) | 2 | 1x,04,14, ` [0. 0. 1.] ` [-205.80525462  -30.84917477   24.37437672]
(5, 0) | 2 | 1x,04,15, ` [0. 0. 1.] ` [-234.25847942  -21.85162452   23.09907557]
(5, 0) | 2 | 1x,04,1A, ` [0. 1.] ` [-2022.2443053     13.16535433]
(5, 0) | 2 | 1x,05,15, ` [0. 0. 1.] ` [-340.91905538  -53.40246602   21.47992223]
(5, 0) | 2 | 1x,05,1A, ` [0. 1.] ` [-2549.50633801    17.32283465]
(5, 0) | 2 | 11, ` [0.         0.         0.         0.11529462 0.00646583 0.58082081
 0.29741874 0.        ] ` [-2.69417346e+03 -2.22290403e+03 -1.09059050e+02  3.79472025e+01
  2.12811379e+00  1.91166984e+02  9.78901617e+01 -1.12329736e+02]
(5, 0) | 2 | 11,01,1A, ` [0. 1.] ` [-2362.561768    33.121982]
(5, 0) | 2 | 11,02,1A, ` [0. 1.] ` [-2510.84877665    37.8494238 ]
(5, 0) | 2 | 11,03,1A, ` [0. 1.] ` [-2534.13838742    39.95216957]
(5, 0) | 2 | 11,04,1A, ` [0. 1.] ` [-2816.68550509    42.05491533]
(5, 0) | 2 | 11,05,1A, ` [0. 1.] ` [-3083.15548476    37.94436269]
(5, 0) | 2 | 12, ` [0.         0.         0.         0.02002606 0.25549341 0.
 0.72448053] ` [-540.96260877 -410.2613228    -0.64140686    1.45142702   18.51737145
   -4.86103266   52.50810555]
(5, 0) | 2 | 12,02,1A, ` [0. 1.] ` [-702.34043574   56.68505157]
(5, 0) | 2 | 12,03,1A, ` [0. 1.] ` [-750.9648708    59.66847533]
(5, 0) | 2 | 12,04,1A, ` [0. 1.] ` [-837.02645319   62.6518991 ]
(5, 0) | 2 | 12,05,1A, ` [0. 1.] ` [-802.91131601   43.28612863]
(5, 0) | 2 | 13, ` [0.         0.         0.08252942 0.15510534 0.31351483 0.44885041] ` [-140.17463428  -78.09043314    7.51526112   14.12414073   28.54916254
   40.87303687]
(5, 0) | 2 | 13,03,1A, ` [0. 1.] ` [-290.17365837   35.68113535]
(5, 0) | 2 | 13,04,1A, ` [0. 1.] ` [-328.21287315   34.13586991]
(5, 0) | 2 | 13,05,1A, ` [0. 1.] ` [-324.15850862   20.98930297]
(5, 0) | 2 | 14, ` [0. 0. 0. 0. 1.] ` [-178.94818763  -90.40894818  -19.19842243   -9.90238834   55.66833856]
(5, 0) | 2 | 14,04,1A, ` [0. 1.] ` [-174.8973589    13.88451444]
(5, 0) | 2 | 14,05,1A, ` [0. 1.] ` [-189.65355507   14.48818898]
(5, 0) | 2 | 15, ` [0.         0.         0.46913876 0.53086124] ` [-549.25274187 -325.31382025   40.69604119   46.05023585]
(5, 0) | 2 | 15,05,1A, ` [0. 1.] ` [-1064.41337897    19.68503937]
(5, 0) | 2 | 1A, ` [0. 1.] ` [-2006.1326063     35.43307087]
(3, 1) | 2 | 1x, ` [0.93764742 0.         0.         0.06235258 0.         0.
 0.        ] ` [ 249.92902032 -111.22504276 -187.76454134   16.62002108 -189.81815951
 -323.32411205 -511.98516571]
(3, 1) | 2 | 1x,01,11, ` [0.49155561 0.50844439 0.        ] ` [ 8.41828705  8.70752094 -5.04363618]
(3, 1) | 2 | 1x,01,12, ` [0.         0.58367057 0.41632943] ` [-0.71034175  5.56486434  3.96939111]
(3, 1) | 2 | 1x,01,13, ` [0.43633307 0.38504029 0.17862664] ` [28.28022174 24.95576309 11.57739691]
(3, 1) | 2 | 1x,01,14, ` [0. 0. 1.] ` [-25.64727372  -5.64429629  24.29007325]
(3, 1) | 2 | 1x,01,15, ` [0. 0. 1.] ` [-30.89396465  -2.56822345  32.10279312]
(3, 1) | 2 | 1x,01,1A, ` [1. 0.] ` [ 314.45768104 -325.83934577]
(3, 1) | 2 | 1x,02,12, ` [0. 1. 0.] ` [-0.10186153  4.12154379 -4.26188457]
(3, 1) | 2 | 1x,02,13, ` [0.35270712 0.46306773 0.18422515] ` [ 9.54859486 12.53631079  4.98739946]
(3, 1) | 2 | 1x,02,14, ` [0.70398733 0.29601267 0.        ] ` [ 27.79601742  11.68767228 -44.16413111]
(3, 1) | 2 | 1x,02,15, ` [0.         0.20091163 0.79908837] ` [-35.73521014   3.24997356  12.92616064]
(3, 1) | 2 | 1x,02,1A, ` [1. 0.] ` [ 205.80700457 -253.44893224]
(3, 1) | 2 | 1x,03,13, ` [0.         0.23656851 0.76343149] ` [-18.28151349   7.59845645  24.52101874]
(3, 1) | 2 | 1x,03,14, ` [0.         0.09692299 0.90307701] ` [-42.42346079   3.4146379   31.81578493]
(3, 1) | 2 | 1x,03,15, ` [1. 0. 0.] ` [  26.55252053  -65.91150124 -251.88141414]
(3, 1) | 2 | 1x,03,1A, ` [1. 0.] ` [  26.65017439 -427.04661527]
(3, 1) | 2 | 1x,04,14, ` [0.52942594 0.47057406 0.        ] ` [ 11.87371183  10.55381012 -38.41176879]
(3, 1) | 2 | 1x,04,15, ` [1. 0. 0.] ` [  23.04293114  -29.28009693 -129.73048087]
(3, 1) | 2 | 1x,04,1A, ` [1. 0.] ` [  89.69160825 -198.63570572]
(3, 1) | 2 | 1x,05,15, ` [0.41980336 0.54254786 0.03764878] ` [24.58835542 31.77763867  2.20513157]
(3, 1) | 2 | 1x,05,1A, ` [1. 0.] ` [  36.6129221  -425.66274321]
(3, 1) | 2 | 11, ` [0.39762206 0.60237794 0.         0.         0.         0.
 0.         0.        ] ` [  73.60514301  111.50818563 -102.69210872  -97.88107451 -108.66966967
 -197.66195427 -304.8168207  -445.71902258]
(3, 1) | 2 | 11,01,1A, ` [1. 0.] ` [  99.83261396 -523.71764942]
(3, 1) | 2 | 11,02,1A, ` [1. 0.] ` [  63.23997754 -551.0575636 ]
(3, 1) | 2 | 11,03,1A, ` [1. 0.] ` [  47.9509847  -646.85676327]
(3, 1) | 2 | 11,04,1A, ` [1. 0.] ` [  36.00777321 -469.46999536]
(3, 1) | 2 | 11,05,1A, ` [1. 0.] ` [  32.91213499 -211.77290578]
(3, 1) | 2 | 12, ` [0.39698945 0.38127486 0.11853677 0.         0.         0.
 0.10319892] ` [ 108.96634814  104.65298105   32.53617711  -18.59496855  -66.05988368
 -108.87289556   28.32621634]
(3, 1) | 2 | 12,02,1A, ` [1. 0.] ` [  26.89851516 -162.11248096]
(3, 1) | 2 | 12,03,1A, ` [1. 0.] ` [ 47.98260455 -92.74487957]
(3, 1) | 2 | 12,04,1A, ` [1. 0.] ` [ 80.58247073 -14.96038674]
(3, 1) | 2 | 12,05,1A, ` [0.71936589 0.28063411] ` [92.38161864 36.03928687]
(3, 1) | 2 | 13, ` [0.74236592 0.25763408 0.         0.         0.         0.        ] ` [  93.08259045   32.30380951 -111.74634582 -119.1308822  -132.67327666
 -208.18815791]
(3, 1) | 2 | 13,03,1A, ` [0.88949913 0.11050087] ` [44.2546535   5.49767586]
(3, 1) | 2 | 13,04,1A, ` [1. 0.] ` [ 51.40725364 -20.62813575]
(3, 1) | 2 | 13,05,1A, ` [1. 0.] ` [52.58038665 -2.34059295]
(3, 1) | 2 | 14, ` [0.60521934 0.39478066 0.         0.         0.        ] ` [ 63.64989269  41.51841259  -5.70761701  -7.02859129 -60.17403056]
(3, 1) | 2 | 14,04,1A, ` [0. 1.] ` [-25.82260684  35.64378787]
(3, 1) | 2 | 14,05,1A, ` [0. 1.] ` [-39.70506084  37.19351778]
(3, 1) | 2 | 15, ` [0.58896748 0.41103252 0.         0.        ] ` [106.92996557  74.62499092 -53.73147696 -16.70849303]
(3, 1) | 2 | 15,05,1A, ` [0. 1.] ` [-243.32101287   17.43724804]
(3, 1) | 2 | 1A, ` [0.57802448 0.42197552] ` [208.9720185  152.55595349]
(4, 1) | 2 | 1x, ` [0.         0.         0.01809495 0.         0.48283952 0.25843146
 0.24063407] ` [-108.36534755   -5.41345541    4.13003311   -7.16426177  110.20439251
   58.98498643   54.92286864]
(4, 1) | 2 | 1x,01,11, ` [0.         0.33589044 0.66410956] ` [-13.15433639   1.66198753   3.28601732]
(4, 1) | 2 | 1x,01,12, ` [0.44729556 0.55270444 0.        ] ` [  7.43410866   9.18601771 -10.58742374]
(4, 1) | 2 | 1x,01,13, ` [0. 0. 1.] ` [-35.31067217  -7.36481487   1.38147312]
(4, 1) | 2 | 1x,01,14, ` [0.5298692 0.4701308 0.       ] ` [ 3.89963613  3.45998412 -0.7853625 ]
(4, 1) | 2 | 1x,01,15, ` [0.23038023 0.37392865 0.39569111] ` [3.0353285  4.92662189 5.21334876]
(4, 1) | 2 | 1x,01,1A, ` [0. 1.] ` [-49.48353776   4.04379923]
(4, 1) | 2 | 1x,02,12, ` [0.         0.40660508 0.59339492] ` [-0.17290655  7.37214227 10.75882243]
(4, 1) | 2 | 1x,02,13, ` [0.         0.12260601 0.87739399] ` [-11.18488404   2.03235418  14.54394685]
(4, 1) | 2 | 1x,02,14, ` [0.         0.12779181 0.87220819] ` [-15.05557408   2.53626171  17.31056322]
(4, 1) | 2 | 1x,02,15, ` [0.         0.03846154 0.96153846] ` [-1.1005325   0.04232817  1.05820433]
(4, 1) | 2 | 1x,02,1A, ` [0. 1.] ` [-91.03764526   9.04667894]
(4, 1) | 2 | 1x,03,13, ` [0.         0.43231043 0.56768957] ` [-5.00228811  7.92798782 10.41065774]
(4, 1) | 2 | 1x,03,14, ` [0.42943752 0.55376786 0.01679462] ` [4.39152088 5.66294988 0.1717454 ]
(4, 1) | 2 | 1x,03,15, ` [0.         0.29070454 0.70929546] ` [-28.801779    16.38185394  39.97039334]
(4, 1) | 2 | 1x,03,1A, ` [0. 1.] ` [-54.43738343  14.2687887 ]
(4, 1) | 2 | 1x,04,14, ` [0.14155452 0.49780963 0.36063584] ` [ 3.56627131 12.54162855  9.08572372]
(4, 1) | 2 | 1x,04,15, ` [0.         0.50362999 0.49637001] ` [-1.81049418 12.14252201 11.96748394]
(4, 1) | 2 | 1x,04,1A, ` [0. 1.] ` [-188.94347707    6.22423843]
(4, 1) | 2 | 1x,05,15, ` [0.         0.38412246 0.61587754] ` [-27.48093181  24.557554    39.37402097]
(4, 1) | 2 | 1x,05,1A, ` [0. 1.] ` [-235.37081256   35.22986428]
(4, 1) | 2 | 11, ` [0.         0.         0.31700905 0.20844115 0.         0.04230362
 0.43224618 0.        ] ` [-332.723201   -256.15028651   95.78344543   62.97994246  -37.5977726
   12.78192785  130.60204139  -14.26695776]
(4, 1) | 2 | 11,01,1A, ` [0. 1.] ` [-399.87003473   88.98943014]
(4, 1) | 2 | 11,02,1A, ` [0. 1.] ` [-356.24898529   95.36081949]
(4, 1) | 2 | 11,03,1A, ` [0. 1.] ` [-244.11728143  101.73220885]
(4, 1) | 2 | 11,04,1A, ` [0. 1.] ` [-274.35486871   46.83136297]
(4, 1) | 2 | 11,05,1A, ` [0. 1.] ` [-511.15161138   48.65029838]
(4, 1) | 2 | 12, ` [0. 0. 0. 0. 0. 0. 1.] ` [-271.77216466 -202.88342071 -127.68065063 -125.51420777 -122.68669293
 -166.83312396   64.2466188 ]
(4, 1) | 2 | 12,02,1A, ` [0. 1.] ` [-106.54722842   26.05501867]
(4, 1) | 2 | 12,03,1A, ` [0. 1.] ` [-104.97036143   24.6364766 ]
(4, 1) | 2 | 12,04,1A, ` [0. 1.] ` [-108.27817614   26.69631732]
(4, 1) | 2 | 12,05,1A, ` [0. 1.] ` [-60.51160708  31.81411921]
(4, 1) | 2 | 13, ` [0. 0. 0. 0. 0. 1.] ` [-134.69304275  -85.0591429   -95.08103907  -86.34195871  -85.62158083
   59.85801204]
(4, 1) | 2 | 13,03,1A, ` [0.20474029 0.79525971] ` [ 5.59897435 21.74774107]
(4, 1) | 2 | 13,04,1A, ` [0. 1.] ` [-0.27374358 23.47892326]
(4, 1) | 2 | 13,05,1A, ` [0. 1.] ` [-2.18441942 20.73450744]
(4, 1) | 2 | 14, ` [0. 0. 0. 0. 1.] ` [-114.54344527  -59.59420896  -71.69220077  -76.69249108   60.90019001]
(4, 1) | 2 | 14,04,1A, ` [0. 1.] ` [-74.0796077   76.33472932]
(4, 1) | 2 | 14,05,1A, ` [0. 1.] ` [-59.23365155  73.20231241]
(4, 1) | 2 | 15, ` [0. 0. 0. 1.] ` [-115.52381386  -35.08305684  -64.5073006   108.70646382]
(4, 1) | 2 | 15,05,1A, ` [0. 1.] ` [-62.23367949 118.6711542 ]
(4, 1) | 2 | 1A, ` [0. 1.] ` [-462.22232849  246.73821123]
(2, 2) | 2 | 1x, ` [0.82098843 0.17901157 0.         0.         0.         0.
 0.        ] ` [ 362.65785999   79.07535574  -77.5951191  -255.86134578 -153.70859441
 -506.87149303 -106.61283223]
(2, 2) | 2 | 1x,01,11, ` [0. 0. 1.] ` [-21.75032756 -16.79891782   5.06700102]
(2, 2) | 2 | 1x,01,12, ` [0. 0. 1.] ` [-5.36712445 -8.06663343 10.87457722]
(2, 2) | 2 | 1x,01,13, ` [0.07285367 0.26059296 0.66655336] ` [ 4.40188023 15.74524584 40.27371433]
(2, 2) | 2 | 1x,01,14, ` [0.21015108 0.14907192 0.640777  ] ` [ 4.16514963  2.95457367 12.70006365]
(2, 2) | 2 | 1x,01,15, ` [0.03188955 0.13697247 0.83113798] ` [ 0.68150753  2.92722109 17.76214336]
(2, 2) | 2 | 1x,01,1A, ` [1. 0.] ` [ 184.12477817 -337.12758524]
(2, 2) | 2 | 1x,02,12, ` [0.81373596 0.18626404 0.        ] ` [  3.80927771   0.87194312 -15.28339713]
(2, 2) | 2 | 1x,02,13, ` [0.50685738 0.49314262 0.        ] ` [ 2.93884454  2.85932404 -1.6914835 ]
(2, 2) | 2 | 1x,02,14, ` [0.         0.20326006 0.79673994] ` [-12.16817508   6.27604103  24.60086135]
(2, 2) | 2 | 1x,02,15, ` [0. 0. 1.] ` [-27.42973141  -8.47919909   8.64755547]
(2, 2) | 2 | 1x,02,1A, ` [1. 0.] ` [ 206.34926657 -271.63409944]
(2, 2) | 2 | 1x,03,13, ` [0.14973241 0.40729312 0.44297447] ` [ 4.80983084 13.08341366 14.22960022]
(2, 2) | 2 | 1x,03,14, ` [0.08257112 0.51387636 0.40355252] ` [ 2.30418536 14.33995755 11.26131957]
(2, 2) | 2 | 1x,03,15, ` [0.44289803 0.55710197 0.        ] ` [ 33.34176552  41.93914128 -47.92211489]
(2, 2) | 2 | 1x,03,1A, ` [0.98955958 0.01044042] ` [194.86313073   2.05591698]
(2, 2) | 2 | 1x,04,14, ` [0.19755785 0.45773355 0.3447086 ] ` [17.40930958 40.33666572 30.37661427]
(2, 2) | 2 | 1x,04,15, ` [0.36758743 0.44814208 0.18427049] ` [40.93072121 49.90045188 20.51844981]
(2, 2) | 2 | 1x,04,1A, ` [0.79453741 0.20546259] ` [156.94732059  40.585631  ]
(2, 2) | 2 | 1x,05,15, ` [0.         0.55079579 0.44920421] ` [-10.5518464   57.77163334  47.11594006]
(2, 2) | 2 | 1x,05,1A, ` [0.60052349 0.39947651] ` [232.08423512 154.38563707]
(2, 2) | 2 | 11, ` [0.59128424 0.40871576 0.         0.         0.         0.
 0.         0.        ] ` [ 319.25234126  220.67806942 -297.36805327 -404.94434462 -306.05630942
 -517.12677664 -690.59317691  -33.53626094]
(2, 2) | 2 | 11,01,1A, ` [1. 0.] ` [ 295.52303734 -462.48041607]
(2, 2) | 2 | 11,02,1A, ` [1. 0.] ` [ 280.58299642 -230.20978453]
(2, 2) | 2 | 11,03,1A, ` [1. 0.] ` [206.47529913 -14.35609983]
(2, 2) | 2 | 11,04,1A, ` [0.88579493 0.11420507] ` [292.05778334  37.65485422]
(2, 2) | 2 | 11,05,1A, ` [0.75266542 0.24733458] ` [288.3510525   94.75549892]
(2, 2) | 2 | 12, ` [0.72878943 0.16318995 0.08293563 0.02508498 0.         0.
 0.        ] ` [  97.43918952   21.81850625   11.08849899    3.35386328  -16.55827829
   -7.43802925 -178.62881431]
(2, 2) | 2 | 12,02,1A, ` [1. 0.] ` [ 40.81269417 -69.65515164]
(2, 2) | 2 | 12,03,1A, ` [1. 0.] ` [ 44.92509542 -40.31607675]
(2, 2) | 2 | 12,04,1A, ` [1. 0.] ` [ 50.99224511 -16.03437549]
(2, 2) | 2 | 12,05,1A, ` [1. 0.] ` [49.24028224 -8.37434329]
(2, 2) | 2 | 13, ` [0.48600676 0.30100311 0.         0.         0.         0.21299013] ` [ 38.17136702  23.64102991 -23.93432909 -28.30903238 -32.06082765
  16.7284183 ]
(2, 2) | 2 | 13,03,1A, ` [0.39499574 0.60500426] ` [29.54614831 45.25503411]
(2, 2) | 2 | 13,04,1A, ` [0.35443825 0.64556175] ` [26.82737001 48.86245769]
(2, 2) | 2 | 13,05,1A, ` [0.31203179 0.68796821] ` [23.7085624  52.27267837]
(2, 2) | 2 | 14, ` [1. 0. 0. 0. 0.] ` [  31.75676121  -71.35712155 -182.87841448 -209.44374203 -317.92213638]
(2, 2) | 2 | 14,04,1A, ` [0.24683451 0.75316549] ` [ 8.80868718 26.87792377]
(2, 2) | 2 | 14,05,1A, ` [0.23414906 0.76585094] ` [ 8.60839749 28.15620685]
(2, 2) | 2 | 15, ` [1. 0. 0. 0.] ` [  41.1198395  -253.87848309 -709.79071122 -818.89326424]
(2, 2) | 2 | 15,05,1A, ` [0.54058072 0.45941928] ` [59.7683585  50.79488705]
(2, 2) | 2 | 1A, ` [0.80024889 0.19975111] ` [228.02045601  56.91646814]
(3, 2) | 2 |  ` [0.27959373 0.15640057 0.26279467 0.11496287 0.05224635 0.13400181
 0.        ] ` [ 249.65111522  139.65111522  234.65111522  102.65111522   46.65111522
  119.65111522 -404.34888478]
(3, 2) | 2 | 1x,01, ` [0.57636535 0.42277874 0.00085592 0.         0.         0.
 0.         0.        ] ` [ 7.30379442e+01  5.35752022e+01  1.08463142e-01 -4.92964928e+01
 -3.44983415e+01 -5.18858939e+01 -6.93155213e+01 -2.30684197e+02]
(3, 2) | 2 | 1x,01,11,0A, ` [1. 0.] ` [  33.54117155 -230.4139849 ]
(3, 2) | 2 | 1x,01,12,0A, ` [1. 0.] ` [  62.20498585 -176.85838837]
(3, 2) | 2 | 1x,01,13,0A, ` [1. 0.] ` [  28.38099131 -194.96567953]
(3, 2) | 2 | 1x,01,14,0A, ` [1. 0.] ` [  25.80090119 -177.24152684]
(3, 2) | 2 | 1x,01,15,0A, ` [1. 0.] ` [  23.22081107 -159.51737416]
(3, 2) | 2 | 1x,02, ` [0.57863431 0.42136569 0.         0.         0.         0.
 0.        ] ` [ 93.04069825  67.75291009 -18.39412211 -25.50535764 -32.61659317
 -39.7278287  -96.61771296]
(3, 2) | 2 | 1x,02,12,0A, ` [1. 0.] ` [ 60.85924404 -78.22359084]
(3, 2) | 2 | 1x,02,13,0A, ` [1. 0.] ` [ 55.32658549 -71.11235531]
(3, 2) | 2 | 1x,02,14,0A, ` [1. 0.] ` [ 49.79392694 -64.00111978]
(3, 2) | 2 | 1x,02,15,0A, ` [1. 0.] ` [ 44.26126839 -56.88988425]
(3, 2) | 2 | 1x,03, ` [0.77851623 0.22148377 0.         0.         0.         0.        ] ` [ 38.43986553  10.93593927 -33.55324896 -40.83397305 -48.11469713
 -99.07976573]
(3, 2) | 2 | 1x,03,13,0A, ` [1. 0.] ` [ 16.98526198 -65.52651677]
(3, 2) | 2 | 1x,03,14,0A, ` [1. 0.] ` [ 15.09801065 -58.24579269]
(3, 2) | 2 | 1x,03,15,0A, ` [1. 0.] ` [ 13.21075932 -50.9650686 ]
(3, 2) | 2 | 1x,04, ` [0.84697914 0.15302086 0.         0.         0.        ] ` [ 17.06210238   3.08255241 -10.89699756 -20.1622662  -35.36121   ]
(3, 2) | 2 | 1x,04,14,0A, ` [0.5 0.5] ` [0. 0.]
(3, 2) | 2 | 1x,04,15,0A, ` [1. 0.] ` [ 5.77038115 -5.77038115]
(3, 2) | 2 | 1x,05, ` [1. 0. 0. 0.] ` [  76.08821262  -29.09475616 -154.09330991 -239.46069371]
(3, 2) | 2 | 1x,05,15,0A, ` [1. 0.] ` [ 19.81558497 -85.3673838 ]
(3, 2) | 2 | 1x,0A, ` [1. 0.] ` [  37.74745115 -162.53864562]
(3, 2) | 2 | 11,01, ` [0.47457118 0.52542882 0.        ] ` [ 65.36565612  72.37059756 -58.019826  ]
(3, 2) | 2 | 11,02, ` [0.65252721 0.34747279 0.        ] ` [ 27.21401295  14.49154752 -61.84324507]
(3, 2) | 2 | 11,03, ` [1. 0. 0.] ` [  34.8983966   -19.52062296 -219.05702801]
(3, 2) | 2 | 11,04, ` [0.75 0.25 0.  ] ` [ 3.48469888  1.16156629 -4.64626517]
(3, 2) | 2 | 11,05, ` [0.33333333 0.33333333 0.33333333] ` [0. 0. 0.]
(3, 2) | 2 | 11,0A, ` [1. 0.] ` [ 232.70241796 -169.51588426]
(3, 2) | 2 | 12,02, ` [0.88661706 0.11338294 0.        ] ` [  34.64007141    4.42986397 -161.72627691]
(3, 2) | 2 | 12,03, ` [0.62333731 0.37666269 0.        ] ` [ 29.5893816   17.87991166 -33.16078865]
(3, 2) | 2 | 12,04, ` [0.65973177 0.34026823 0.        ] ` [ 25.83647472  13.32561467 -29.38467301]
(3, 2) | 2 | 12,05, ` [1. 0. 0.] ` [  8.52230867 -22.75141104 -72.78936257]
(3, 2) | 2 | 12,0A, ` [1. 0.] ` [ 115.97741442 -341.52170409]
(3, 2) | 2 | 13,03, ` [1. 0. 0.] ` [  41.09854426  -33.79760331 -258.48604602]
(3, 2) | 2 | 13,04, ` [0.8 0.2 0. ] ` [ 1.3429624  0.3357406 -1.678703 ]
(3, 2) | 2 | 13,05, ` [1. 0. 0.] ` [  4.67631515  -4.99564404 -18.53638691]
(3, 2) | 2 | 13,0A, ` [1. 0.] ` [ 186.86231666 -254.41810985]
(3, 2) | 2 | 14,04, ` [0.33333333 0.33333333 0.33333333] ` [0. 0. 0.]
(3, 2) | 2 | 14,05, ` [0.94117647 0.05882353 0.        ] ` [ 24.097665     1.50610406 -25.60376906]
(3, 2) | 2 | 14,0A, ` [1. 0.] ` [ 220.         -476.70587217]
(3, 2) | 2 | 15,05, ` [0.33333333 0.33333333 0.33333333] ` [0. 0. 0.]
(3, 2) | 2 | 15,0A, ` [1. 0.] ` [ 100. -700.]
(3, 2) | 2 | 1x, ` [0.58241839 0.11333798 0.18826634 0.1159773  0.         0.
 0.        ] ` [ 117.37395951   22.84084336   37.94105152   23.37274176 -121.73899415
 -125.32999064 -108.8998506 ]
(3, 2) | 2 | 1x,01,11, ` [0.62001713 0.37998287 0.        ] ` [ 7.21939453  4.42446852 -6.70100779]
(3, 2) | 2 | 1x,01,12, ` [0.70710012 0.29289988 0.        ] ` [ 5.5140154   2.28405338 -4.87296541]
(3, 2) | 2 | 1x,01,13, ` [0.85359001 0.14640999 0.        ] ` [ 19.32241288   3.31423071 -55.38243725]
(3, 2) | 2 | 1x,01,14, ` [0.75 0.25 0.  ] ` [ 4.20825677  1.40275226 -5.61100903]
(3, 2) | 2 | 1x,01,15, ` [0.82608696 0.17391304 0.        ] ` [ 5.76682657  1.21406875 -6.98089533]
(3, 2) | 2 | 1x,01,1A, ` [1. 0.] ` [ 32.34494806 -89.99940966]
(3, 2) | 2 | 1x,02,12, ` [0.625 0.375 0.   ] ` [ 3.12768578  1.87661147 -5.00429725]
(3, 2) | 2 | 1x,02,13, ` [0.69565217 0.30434783 0.        ] ` [ 6.34750032  2.77703139 -9.12453172]
(3, 2) | 2 | 1x,02,14, ` [0.77272727 0.22727273 0.        ] ` [ 12.60739679   3.70805788 -16.31545467]
(3, 2) | 2 | 1x,02,15, ` [0.28205128 0.         0.71794872] ` [ 0.58848397 -2.08644317  1.4979592 ]
(3, 2) | 2 | 1x,02,1A, ` [1. 0.] ` [  18.43635049 -177.45685092]
(3, 2) | 2 | 1x,03,13, ` [0.33333333 0.33333333 0.33333333] ` [0. 0. 0.]
(3, 2) | 2 | 1x,03,14, ` [0.33333333 0.33333333 0.33333333] ` [0. 0. 0.]
(3, 2) | 2 | 1x,03,15, ` [1. 0. 0.] ` [ 14.55113716 -11.64422029 -63.01888221]
(3, 2) | 2 | 1x,03,1A, ` [1. 0.] ` [  27.69269501 -110.80502122]
(3, 2) | 2 | 1x,04,14, ` [0.83333333 0.16666667 0.        ] ` [ 17.04978235   3.40995647 -20.45973882]
(3, 2) | 2 | 1x,04,15, ` [0.75606535 0.24393465 0.        ] ` [ 18.19562751   5.87058246 -12.6188845 ]
(3, 2) | 2 | 1x,04,1A, ` [0.97178569 0.02821431] ` [96.43090433  2.79972414]
(3, 2) | 2 | 1x,05,15, ` [0.07253171 0.42857143 0.49889686] ` [ 7.14138557 42.19663237 49.12079092]
(3, 2) | 2 | 1x,05,1A, ` [1. 0.] ` [71.61482795 -7.50676798]
(3, 2) | 2 | 11, ` [0.19207575 0.19547742 0.13671071 0.135244   0.10324983 0.11293747
 0.06905978 0.05524506] ` [146.39802653 148.99074386 104.19940161 103.08149112  78.69588493
  86.07969901  52.63660571  42.10717875]
(3, 2) | 2 | 11,01,1A, ` [1. 0.] ` [  21.16791807 -168.92414813]
(3, 2) | 2 | 11,02,1A, ` [1. 0.] ` [  19.53961668 -142.45781816]
(3, 2) | 2 | 11,03,1A, ` [1. 0.] ` [  17.91131529 -115.99148818]
(3, 2) | 2 | 11,04,1A, ` [1. 0.] ` [ 16.2830139  -89.52515821]
(3, 2) | 2 | 11,05,1A, ` [1. 0.] ` [ 14.65471251 -63.05882823]
(3, 2) | 2 | 12, ` [0.58256492 0.36526707 0.04254738 0.00962063 0.         0.
 0.        ] ` [14.36947474  9.00963262  1.0494685   0.23730118 -0.57486614 -1.38703346
 -7.88437201]
(3, 2) | 2 | 12,02,1A, ` [1. 0.] ` [ 8.93384052 -8.93384052]
(3, 2) | 2 | 12,03,1A, ` [1. 0.] ` [ 8.1216732 -8.1216732]
(3, 2) | 2 | 12,04,1A, ` [1. 0.] ` [ 7.30950588 -7.30950588]
(3, 2) | 2 | 12,05,1A, ` [1. 0.] ` [ 6.49733856 -6.49733856]
(3, 2) | 2 | 13, ` [0.60714286 0.39285714 0.         0.         0.         0.        ] ` [ 19.49885641  12.61690709  -4.58796621  -5.73495777  -6.88194932
 -14.9108902 ]
(3, 2) | 2 | 13,03,1A, ` [1. 0.] ` [ 10.32292398 -10.32292398]
(3, 2) | 2 | 13,04,1A, ` [1. 0.] ` [ 9.17593243 -9.17593243]
(3, 2) | 2 | 13,05,1A, ` [1. 0.] ` [ 8.02894088 -8.02894088]
(3, 2) | 2 | 14, ` [0.         0.09720327 0.1796362  0.22512222 0.49803831] ` [-3.40442339  6.81539593 12.59517164 15.78441841 34.91989907]
(3, 2) | 2 | 14,04,1A, ` [1. 0.] ` [ 4.44004362 -4.44004362]
(3, 2) | 2 | 14,05,1A, ` [1. 0.] ` [ 3.80575167 -3.80575167]
(3, 2) | 2 | 15, ` [0.17324438 0.29331109 0.         0.53344453] ` [ 20.39858566  34.53579026 -10.32268394  62.81019947]
(3, 2) | 2 | 15,05,1A, ` [0.10738522 0.89261478] ` [ 6.99881101 58.17599548]
(3, 2) | 2 | 1A, ` [0.4908611 0.5091389] ` [29.32354718 30.41544486]
(4, 1) | 2 |  ` [0.17773191 0.19030064 0.16371294 0.13374136 0.11778875 0.08104939
 0.13567501] ` [367.66088976 393.66088976 338.66088976 276.66088976 243.66088976
 167.66088976 280.66088976]
(4, 1) | 2 | 1x,01, ` [0.41380363 0.40039785 0.         0.         0.01745424 0.
 0.         0.16834428] ` [ 85.22932471  82.46819524  -5.35582697 -29.19205994   3.59497447
 -59.48919207 -60.13310666  34.6731358 ]
(4, 1) | 2 | 1x,01,11,0A, ` [1. 0.] ` [75.20490573 -9.6044563 ]
(4, 1) | 2 | 1x,01,12,0A, ` [0.46776772 0.53223228] ` [52.42508031 59.64994698]
(4, 1) | 2 | 1x,01,13,0A, ` [1. 0.] ` [ 34.6503283  -75.86301434]
(4, 1) | 2 | 1x,01,14,0A, ` [0.51912216 0.48087784] ` [62.07103884 57.49819393]
(4, 1) | 2 | 1x,01,15,0A, ` [0.6535629 0.3464371] ` [52.41225226 27.7824043 ]
(4, 1) | 2 | 1x,02, ` [0.39065366 0.37090639 0.00189029 0.04099797 0.         0.
 0.19555169] ` [ 19.57354301  18.58411425   0.09471238   2.05418688 -13.58969384
  -9.3792689    9.79803798]
(4, 1) | 2 | 1x,02,12,0A, ` [1. 0.] ` [ 14.08073625 -14.08073625]
(4, 1) | 2 | 1x,02,13,0A, ` [1. 0.] ` [ 11.79009016 -11.79009016]
(4, 1) | 2 | 1x,02,14,0A, ` [0.27457698 0.72542302] ` [ 9.83466057 25.98283779]
(4, 1) | 2 | 1x,02,15,0A, ` [0.07461197 0.92538803] ` [ 3.51390922 43.58187654]
(4, 1) | 2 | 1x,03, ` [0.58542499 0.41457501 0.         0.         0.         0.        ] ` [ 58.52936078  41.44819654 -30.68729042 -40.4172552  -25.18737308
 -54.9929584 ]
(4, 1) | 2 | 1x,03,13,0A, ` [1. 0.] ` [33.26408752 -1.74985616]
(4, 1) | 2 | 1x,03,14,0A, ` [0.72306011 0.27693989] ` [29.27538772 11.21279233]
(4, 1) | 2 | 1x,03,15,0A, ` [1. 0.] ` [ 25.45783405 -26.6208908 ]
(4, 1) | 2 | 1x,04, ` [0.87803873 0.12196127 0.         0.         0.        ] ` [ 157.02997391   21.81176495 -175.94152935 -200.81823737 -356.81526402]
(4, 1) | 2 | 1x,04,14,0A, ` [1. 0.] ` [  57.15365663 -144.12326519]
(4, 1) | 2 | 1x,04,15,0A, ` [1. 0.] ` [  48.98884854 -124.09408864]
(4, 1) | 2 | 1x,05, ` [1. 0. 0. 0.] ` [  42.10993696  -80.30946507 -213.794252   -325.14826914]
(4, 1) | 2 | 1x,05,15,0A, ` [1. 0.] ` [  11.0653849  -111.35401714]
(4, 1) | 2 | 1x,0A, ` [1. 0.] ` [ 101.24450952 -306.75101094]
(4, 1) | 2 | 11,01, ` [0.49070572 0.50929428 0.        ] ` [ 24.74818243  25.685675   -46.15163215]
(4, 1) | 2 | 11,02, ` [0.57326171 0.42673829 0.        ] ` [ 27.33941173  20.35156673 -57.90517779]
(4, 1) | 2 | 11,03, ` [0.54122468 0.45877532 0.        ] ` [ 96.73266668  81.99655551 -24.44125527]
(4, 1) | 2 | 11,04, ` [1. 0. 0.] ` [  19.82532862  -48.3443312  -218.76848076]
(4, 1) | 2 | 11,05, ` [1. 0. 0.] ` [ 21.73221997 -16.03015139 -86.23747312]
(4, 1) | 2 | 11,0A, ` [1. 0.] ` [ 140.         -805.10956603]
(4, 1) | 2 | 12,02, ` [0.6463472 0.3536528 0.       ] ` [  36.37140971   19.90083826 -179.56065464]
(4, 1) | 2 | 12,03, ` [0.73080626 0.26919374 0.        ] ` [  31.73927595   11.69121689 -101.55043837]
(4, 1) | 2 | 12,04, ` [1. 0. 0.] ` [  26.72202592  -62.08387508 -297.13676029]
(4, 1) | 2 | 12,05, ` [1. 0. 0.] ` [  32.82610906  -31.76172161 -150.48960832]
(4, 1) | 2 | 12,0A, ` [1. 0.] ` [ 135.88327061 -184.33786413]
(4, 1) | 2 | 13,03, ` [1. 0. 0.] ` [  20.94231073  -40.25093449 -223.83067015]
(4, 1) | 2 | 13,04, ` [1. 0. 0.] ` [  16.43704845  -37.00853003 -143.899687  ]
(4, 1) | 2 | 13,05, ` [1. 0. 0.] ` [  50.42936054  -91.17697985 -289.42585639]
(4, 1) | 2 | 13,0A, ` [1. 0.] ` [  94.45239488 -344.10948525]
(4, 1) | 2 | 14,04, ` [1. 0. 0.] ` [  31.07092025  -43.92269165 -175.16151249]
(4, 1) | 2 | 14,05, ` [1. 0. 0.] ` [  31.32519103  -72.74775626 -197.63529302]
(4, 1) | 2 | 14,0A, ` [1. 0.] ` [  49.85184472 -842.57569821]
(4, 1) | 2 | 15,05, ` [1. 0. 0.] ` [  11.11111111 -131.06480996 -273.24073103]
(4, 1) | 2 | 15,0A, ` [1. 0.] ` [  88.88888889 -705.25434094]
(1, 3) | 2 | 1x, ` [0.         0.         0.         0.         0.27369742 0.43357086
 0.29273172] ` [-165.81379053 -140.1735905   -49.26270327  -42.75290913   39.31183898
   62.27485739   42.04578238]
(1, 3) | 2 | 1x,01,11, ` [0.33333333 0.33333333 0.33333333] ` [0. 0. 0.]
(1, 3) | 2 | 1x,01,12, ` [0.33333333 0.33333333 0.33333333] ` [0. 0. 0.]
(1, 3) | 2 | 1x,01,13, ` [0.  0.5 0.5] ` [-1.97479008  0.98739504  0.98739504]
(1, 3) | 2 | 1x,01,14, ` [0.33333333 0.33333333 0.33333333] ` [0. 0. 0.]
(1, 3) | 2 | 1x,01,15, ` [0.33333333 0.33333333 0.33333333] ` [0. 0. 0.]
(1, 3) | 2 | 1x,01,1A, ` [0. 1.] ` [-23.10459937  84.08554025]
(1, 3) | 2 | 1x,02,12, ` [0. 0. 1.] ` [-5.65232597 -1.22876651  6.88109248]
(1, 3) | 2 | 1x,02,13, ` [0. 0. 1.] ` [-3.80453216 -0.47556652  4.28009868]
(1, 3) | 2 | 1x,02,14, ` [0. 0. 1.] ` [-2.22180699 -0.08887228  2.31067927]
(1, 3) | 2 | 1x,02,15, ` [0.         0.03846154 0.96153846] ` [-1.19934291  0.04612857  1.15321434]
(1, 3) | 2 | 1x,02,1A, ` [0. 1.] ` [-123.48557479    1.42896115]
(1, 3) | 2 | 1x,03,13, ` [0.33333333 0.33333333 0.33333333] ` [0. 0. 0.]
(1, 3) | 2 | 1x,03,14, ` [0.33333333 0.33333333 0.33333333] ` [0. 0. 0.]
(1, 3) | 2 | 1x,03,15, ` [0. 0. 1.] ` [-60.46723772  -9.9216079   16.06979088]
(1, 3) | 2 | 1x,03,1A, ` [0. 1.] ` [-94.46902331   7.39615368]
(1, 3) | 2 | 1x,04,14, ` [0.33333333 0.33333333 0.33333333] ` [0. 0. 0.]
(1, 3) | 2 | 1x,04,15, ` [0. 0. 1.] ` [-10.76015919  -1.15896158   3.2723604 ]
(1, 3) | 2 | 1x,04,1A, ` [0. 1.] ` [-194.91164507    5.88424959]
(1, 3) | 2 | 1x,05,15, ` [0. 0. 1.] ` [-64.9506395   -3.83166971  16.07544008]
(1, 3) | 2 | 1x,05,1A, ` [0. 1.] ` [-262.15808522   35.05183526]
(1, 3) | 2 | 11, ` [0. 0. 0. 0. 0. 0. 0. 1.] ` [-293.76798412 -264.10037661 -369.62529041 -354.00525707 -344.90257285
 -363.0000795  -363.67815012  129.25336725]
(1, 3) | 2 | 11,01,1A, ` [0.46990077 0.53009923] ` [115.15361962 129.90582012]
(1, 3) | 2 | 11,02,1A, ` [0.41534261 0.58465739] ` [106.19930489 149.49154197]
(1, 3) | 2 | 11,03,1A, ` [0.36417345 0.63582655] ` [ 96.25482633 168.05556386]
(1, 3) | 2 | 11,04,1A, ` [0.32990399 0.67009601] ` [ 88.10276257 178.95300474]
(1, 3) | 2 | 11,05,1A, ` [0.25765309 0.74234691] ` [ 59.2698239  170.76749035]
(1, 3) | 2 | 12, ` [0.16083187 0.07170438 0.0155588  0.18311832 0.21041687 0.28935841
 0.06901134] ` [26.3783845  11.76039063  2.55183228 30.03363298 34.51092787 47.45829981
 11.31870028]
(1, 3) | 2 | 12,02,1A, ` [0.89873933 0.10126067] ` [21.28575454  2.39825909]
(1, 3) | 2 | 12,03,1A, ` [1. 0.] ` [ 6.12374027 -6.12374027]
(1, 3) | 2 | 12,04,1A, ` [1. 0.] ` [ 5.39212372 -5.39212372]
(1, 3) | 2 | 12,05,1A, ` [0.5 0.5] ` [0. 0.]
(1, 3) | 2 | 13, ` [0.2879841  0.24682375 0.14046779 0.14642937 0.09611266 0.08218233] ` [24.93962255 21.37510736 12.16460797 12.6808843   8.32342245  7.1170466 ]
(1, 3) | 2 | 13,03,1A, ` [1. 0.] ` [ 5.73884188 -5.73884188]
(1, 3) | 2 | 13,04,1A, ` [1. 0.] ` [ 4.25320311 -4.25320311]
(1, 3) | 2 | 13,05,1A, ` [1. 0.] ` [ 4.10030047 -4.10030047]
(1, 3) | 2 | 14, ` [0.         0.09729751 0.2194595  0.25       0.43324299] ` [-1.49539607  5.85165301 13.1987021  15.03546437 26.056038  ]
(1, 3) | 2 | 14,04,1A, ` [0.5 0.5] ` [0. 0.]
(1, 3) | 2 | 14,05,1A, ` [0.5 0.5] ` [0. 0.]
(1, 3) | 2 | 15, ` [0.13921582 0.22846979 0.22533666 0.40697773] ` [15.38618486 25.25056792 24.90429369 44.97933402]
(1, 3) | 2 | 15,05,1A, ` [1. 0.] ` [14.29086277 -7.28395432]
(1, 3) | 2 | 1A, ` [0.24561231 0.75438769] ` [ 72.86430935 223.79960474]
(2, 3) | 2 |  ` [0.         0.         0.0106383  0.         0.92907801 0.06028369
 0.        ] ` [-16.57142857  -3.57142857   0.42857143  -3.57142857  37.42857143
   2.42857143 -16.57142857]
(2, 3) | 2 | 1x,01, ` [0.125 0.125 0.125 0.125 0.125 0.125 0.125 0.125] ` [0. 0. 0. 0. 0. 0. 0. 0.]
(2, 3) | 2 | 1x,01,11,0A, ` [0.5 0.5] ` [0. 0.]
(2, 3) | 2 | 1x,01,12,0A, ` [0.5 0.5] ` [0. 0.]
(2, 3) | 2 | 1x,01,13,0A, ` [0.5 0.5] ` [0. 0.]
(2, 3) | 2 | 1x,01,14,0A, ` [0.5 0.5] ` [0. 0.]
(2, 3) | 2 | 1x,01,15,0A, ` [0.5 0.5] ` [0. 0.]
(2, 3) | 2 | 1x,02, ` [0.14285714 0.14285714 0.14285714 0.14285714 0.14285714 0.14285714
 0.14285714] ` [0. 0. 0. 0. 0. 0. 0.]
(2, 3) | 2 | 1x,02,12,0A, ` [0.5 0.5] ` [0. 0.]
(2, 3) | 2 | 1x,02,13,0A, ` [0.5 0.5] ` [0. 0.]
(2, 3) | 2 | 1x,02,14,0A, ` [0.5 0.5] ` [0. 0.]
(2, 3) | 2 | 1x,02,15,0A, ` [0.5 0.5] ` [0. 0.]
(2, 3) | 2 | 1x,03, ` [0.16666667 0.16666667 0.16666667 0.16666667 0.16666667 0.16666667] ` [0. 0. 0. 0. 0. 0.]
(2, 3) | 2 | 1x,03,13,0A, ` [0.5 0.5] ` [0. 0.]
(2, 3) | 2 | 1x,03,14,0A, ` [0.5 0.5] ` [0. 0.]
(2, 3) | 2 | 1x,03,15,0A, ` [0.5 0.5] ` [0. 0.]
(2, 3) | 2 | 1x,04, ` [0.2 0.2 0.2 0.2 0.2] ` [0. 0. 0. 0. 0.]
(2, 3) | 2 | 1x,04,14,0A, ` [0.5 0.5] ` [0. 0.]
(2, 3) | 2 | 1x,04,15,0A, ` [0.5 0.5] ` [0. 0.]
(2, 3) | 2 | 1x,05, ` [0.25 0.25 0.25 0.25] ` [0. 0. 0. 0.]
(2, 3) | 2 | 1x,05,15,0A, ` [0.5 0.5] ` [0. 0.]
(2, 3) | 2 | 1x,0A, ` [0.5 0.5] ` [0. 0.]
(2, 3) | 2 | 11,01, ` [0.  0.5 0.5] ` [-5.65160446  2.82580223  2.82580223]
(2, 3) | 2 | 11,02, ` [0.33333333 0.33333333 0.33333333] ` [0. 0. 0.]
(2, 3) | 2 | 11,03, ` [0.33333333 0.33333333 0.33333333] ` [0. 0. 0.]
(2, 3) | 2 | 11,04, ` [0.33333333 0.33333333 0.33333333] ` [0. 0. 0.]
(2, 3) | 2 | 11,05, ` [0.33333333 0.33333333 0.33333333] ` [0. 0. 0.]
(2, 3) | 2 | 11,0A, ` [0.5 0.5] ` [0. 0.]
(2, 3) | 2 | 12,02, ` [0.33333333 0.33333333 0.33333333] ` [0. 0. 0.]
(2, 3) | 2 | 12,03, ` [0.33333333 0.33333333 0.33333333] ` [0. 0. 0.]
(2, 3) | 2 | 12,04, ` [0.33333333 0.33333333 0.33333333] ` [0. 0. 0.]
(2, 3) | 2 | 12,05, ` [0.33333333 0.33333333 0.33333333] ` [0. 0. 0.]
(2, 3) | 2 | 12,0A, ` [0.5 0.5] ` [0. 0.]
(2, 3) | 2 | 13,03, ` [0.33333333 0.33333333 0.33333333] ` [0. 0. 0.]
(2, 3) | 2 | 13,04, ` [0.33333333 0.33333333 0.33333333] ` [0. 0. 0.]
(2, 3) | 2 | 13,05, ` [0.33333333 0.33333333 0.33333333] ` [0. 0. 0.]
(2, 3) | 2 | 13,0A, ` [0.5 0.5] ` [0. 0.]
(2, 3) | 2 | 14,04, ` [0.33333333 0.33333333 0.33333333] ` [0. 0. 0.]
(2, 3) | 2 | 14,05, ` [0.33333333 0.33333333 0.33333333] ` [0. 0. 0.]
(2, 3) | 2 | 14,0A, ` [0. 1.] ` [-49.0975821  49.0975821]
(2, 3) | 2 | 15,05, ` [0.33333333 0.33333333 0.33333333] ` [0. 0. 0.]
(2, 3) | 2 | 15,0A, ` [0.5 0.5] ` [0. 0.]
