(2, 0) | 2 |  ` [1. 0. 0. 0. 0. 0. 0.] ` [   835.85068219  -2914.14931781  -6299.14931781 -10161.14931781
 -15226.14931781 -20195.14931781 -25298.14931781]
(3, 0) | 2 | 1x, ` [1. 0. 0. 0. 0. 0. 0.] ` [  918.11332152  -378.43939686  -954.86220977  -975.02541764
 -1202.99027659 -1358.691892   -2647.40517798]
(2, 0) | 2 | 1x,01, ` [1. 0. 0. 0. 0. 0. 0. 0.] ` [  187.16499492  -114.9993277   -730.87233343 -1266.45316973
 -1390.31411953 -2031.01384353 -2440.66590413 -4088.93875033]
(3, 0) | 2 | 1x,01,11, ` [0.20189999 0.61481174 0.18328827] ` [10.86681393 33.09086187  9.86507977]
(2, 0) | 2 | 1x,01,11,0A, ` [1. 0.] ` [   25.81050683 -3361.73540961]
(3, 0) | 2 | 1x,01,12, ` [0.12485049 0.50629911 0.3688504 ] ` [ 7.82325281 31.72519334 23.11252418]
(2, 0) | 2 | 1x,01,12,0A, ` [1. 0.] ` [   45.52875903 -2316.86602147]
(3, 0) | 2 | 1x,01,13, ` [0.58359375 0.41640625 0.        ] ` [  45.20859222   32.25726882 -126.83066128]
(2, 0) | 2 | 1x,01,13,0A, ` [1. 0.] ` [   46.61593266 -2296.44681536]
(3, 0) | 2 | 1x,01,14, ` [0.5925481 0.4074519 0.       ] ` [ 37.02792049  25.46138673 -22.63421236]
(2, 0) | 2 | 1x,01,14,0A, ` [1. 0.] ` [   48.80484739 -1627.95964437]
(3, 0) | 2 | 1x,01,15, ` [0.61455468 0.38544532 0.        ] ` [ 34.36497796  21.55352573 -23.30339411]
(2, 0) | 2 | 1x,01,15,0A, ` [1. 0.] ` [   65.14682746 -1411.01154149]
(3, 0) | 2 | 1x,01,1A, ` [1. 0.] ` [ 567.67458414 -946.74777241]
(2, 0) | 2 | 1x,02, ` [1. 0. 0. 0. 0. 0. 0.] ` [  484.08441447  -328.98358072 -1728.91338219 -2434.90018313
 -3034.30013485 -3642.12617692 -5534.53820707]
(3, 0) | 2 | 1x,02,12, ` [0.         0.70931604 0.29068396] ` [-17.99909019  46.93410886  19.23401144]
(2, 0) | 2 | 1x,02,12,0A, ` [1. 0.] ` [  144.33409683 -2567.2316255 ]
(3, 0) | 2 | 1x,02,13, ` [0.15899426 0.84100574 0.        ] ` [ 15.09172197  79.82819639 -99.18561864]
(2, 0) | 2 | 1x,02,13,0A, ` [1. 0.] ` [  171.65360848 -2121.98678624]
(3, 0) | 2 | 1x,02,14, ` [0.38851379 0.61148621 0.        ] ` [  53.90389237   84.83994128 -203.73566349]
(2, 0) | 2 | 1x,02,14,0A, ` [1. 0.] ` [  168.30253254 -1425.40782333]
(3, 0) | 2 | 1x,02,15, ` [0.         0.48072166 0.51927834] ` [-62.07261534  64.58974475  69.77021955]
(2, 0) | 2 | 1x,02,15,0A, ` [1. 0.] ` [  139.31183753 -1487.4556513 ]
(3, 0) | 2 | 1x,02,1A, ` [1. 0.] ` [ 353.85367936 -694.44483039]
(2, 0) | 2 | 1x,03, ` [1. 0. 0. 0. 0. 0.] ` [  600.68162745  -495.45542002 -2857.71177607 -3251.95774834
 -4700.3323798  -4947.39473344]
(3, 0) | 2 | 1x,03,13, ` [0.         0.55862776 0.44137224] ` [-40.59980944  37.23019353  29.41560568]
(2, 0) | 2 | 1x,03,13,0A, ` [1. 0.] ` [ 302.03311112 -526.97011927]
(3, 0) | 2 | 1x,03,14, ` [0.         0.41473663 0.58526337] ` [-66.35543261  40.47955613  57.12348465]
(2, 0) | 2 | 1x,03,14,0A, ` [1. 0.] ` [ 163.18453861 -334.13133841]
(3, 0) | 2 | 1x,03,15, ` [0. 1. 0.] ` [-229.01302233   28.75072641 -517.45971767]
(2, 0) | 2 | 1x,03,15,0A, ` [0.7202514 0.2797486] ` [336.2399344  130.59697059]
(3, 0) | 2 | 1x,03,1A, ` [1. 0.] ` [ 242.89143667 -303.38146967]
(2, 0) | 2 | 1x,04, ` [1. 0. 0. 0. 0.] ` [  722.89428072  -554.33535482 -2940.90272915 -3146.09392227
 -3844.30436356]
(3, 0) | 2 | 1x,04,14, ` [0.3294176 0.6705824 0.       ] ` [   8.84262459   18.00058158 -205.42071519]
(2, 0) | 2 | 1x,04,14,0A, ` [0. 1.] ` [-192.22405895   10.95238095]
(3, 0) | 2 | 1x,04,15, ` [0. 1. 0.] ` [  -4.40506327   16.67204441 -207.96232396]
(2, 0) | 2 | 1x,04,15,0A, ` [0. 1.] ` [-505.98273407   11.42857143]
(3, 0) | 2 | 1x,04,1A, ` [0.69693653 0.30306347] ` [471.72516709 205.13011068]
(2, 0) | 2 | 1x,05, ` [1. 0. 0. 0.] ` [   276.86485168  -3553.22599554 -10276.08239121 -11193.81075879]
(3, 0) | 2 | 1x,05,15, ` [0.         0.59931529 0.40068471] ` [-881.74405541   47.59650739   31.82163577]
(2, 0) | 2 | 1x,05,15,0A, ` [0. 1.] ` [-759.92321128   11.9047619 ]
(3, 0) | 2 | 1x,05,1A, ` [0. 1.] ` [-677.01209547   28.36907611]
(2, 0) | 2 | 1x,0A, ` [1. 0.] ` [  665.11900031 -7969.78527182]
(3, 0) | 2 | 11, ` [0.31323815 0.54555777 0.14120408 0.         0.         0.
 0.         0.        ] ` [  537.32827353   935.849018     242.22128519  -213.35653015
 -1162.15064283 -1582.07433224 -1716.85714437  -706.64753866]
(2, 0) | 2 | 11,01, ` [0.70815526 0.29184474 0.        ] ` [  152.4818891     62.84079237 -2693.30793245]
(3, 0) | 2 | 11,01,1A, ` [1. 0.] ` [  142.48343045 -1930.87342096]
(2, 0) | 2 | 11,02, ` [1. 0. 0.] ` [  187.3516248   -249.01701251 -2409.58599499]
(3, 0) | 2 | 11,02,1A, ` [1. 0.] ` [  119.324811   -1512.34582207]
(2, 0) | 2 | 11,03, ` [1. 0. 0.] ` [  233.92106127  -777.87120379 -5366.25189207]
(3, 0) | 2 | 11,03,1A, ` [1. 0.] ` [ 527.34969562 -271.67627838]
(2, 0) | 2 | 11,04, ` [1. 0. 0.] ` [  175.03370273   -98.12657471 -1303.20131217]
(3, 0) | 2 | 11,04,1A, ` [0.95643043 0.04356957] ` [535.65603702  24.40146209]
(2, 0) | 2 | 11,05, ` [1. 0. 0.] ` [  164.77956098  -348.1751453  -1380.76694989]
(3, 0) | 2 | 11,05,1A, ` [0.38070957 0.61929043] ` [227.66035627 370.32922564]
(2, 0) | 2 | 11,0A, ` [1. 0.] ` [   279.39694824 -16232.61644141]
(3, 0) | 2 | 12, ` [0.57113086 0.42886914 0.         0.         0.         0.
 0.        ] ` [ 236.06054819  177.2607477  -375.7991491  -504.93665115 -667.42507036
 -698.0115253  -602.23531783]
(2, 0) | 2 | 12,02, ` [1. 0. 0.] ` [   73.25595605  -332.53180304 -4759.95041843]
(3, 0) | 2 | 12,02,1A, ` [1. 0.] ` [  72.99620329 -167.61699471]
(2, 0) | 2 | 12,03, ` [1. 0. 0.] ` [   64.15694722  -493.39017657 -3014.19119086]
(3, 0) | 2 | 12,03,1A, ` [1. 0.] ` [  85.75754244 -113.05062956]
(2, 0) | 2 | 12,04, ` [1. 0. 0.] ` [   66.58363951 -1017.8629004  -3987.87039569]
(3, 0) | 2 | 12,04,1A, ` [0.48611283 0.51388717] ` [51.68639119 54.639524  ]
(2, 0) | 2 | 12,05, ` [1. 0. 0.] ` [   41.98429802  -961.89487665 -2840.26978348]
(3, 0) | 2 | 12,05,1A, ` [0. 1.] ` [-35.33520448  68.22260787]
(2, 0) | 2 | 12,0A, ` [1. 0.] ` [   722.84374828 -11743.05484827]
(3, 0) | 2 | 13, ` [0.78093037 0.21906963 0.         0.         0.         0.        ] ` [ 123.23814335   34.57124431 -351.75049446 -408.41017949 -379.08055394
 -235.69427078]
(2, 0) | 2 | 13,03, ` [1. 0. 0.] ` [   95.64779828  -688.34852287 -4871.4745091 ]
(3, 0) | 2 | 13,03,1A, ` [0. 1.] ` [-135.22331729   64.53486586]
(2, 0) | 2 | 13,04, ` [1. 0. 0.] ` [  124.29357338  -262.98405165 -1247.40970497]
(3, 0) | 2 | 13,04,1A, ` [0. 1.] ` [-117.48989334   70.8559054 ]
(2, 0) | 2 | 13,05, ` [1. 0. 0.] ` [   94.28410842  -484.78997115 -1432.94994819]
(3, 0) | 2 | 13,05,1A, ` [0. 1.] ` [-192.44264849   74.09734511]
(2, 0) | 2 | 13,0A, ` [1. 0.] ` [  1011.5893714  -13003.34209842]
(3, 0) | 2 | 14, ` [0.41551658 0.32607509 0.         0.         0.25840833] ` [151.18033868 118.63820815 -79.33680185 -69.02120943  94.01853036]
(2, 0) | 2 | 14,04, ` [1. 0. 0.] ` [  101.95764305  -488.1962967  -2072.83923486]
(3, 0) | 2 | 14,04,1A, ` [0. 1.] ` [-302.19597775   63.01569607]
(2, 0) | 2 | 14,05, ` [1. 0. 0.] ` [   73.92209526  -874.79421398 -2320.86368982]
(3, 0) | 2 | 14,05,1A, ` [0. 1.] ` [-371.26291956   65.37953131]
(2, 0) | 2 | 14,0A, ` [1. 0.] ` [  1078.4117705  -14579.01922663]
(3, 0) | 2 | 15, ` [0.8004051 0.1995949 0.        0.       ] ` [ 418.29801165  104.3098662  -564.1637967  -314.43919937]
(2, 0) | 2 | 15,05, ` [1. 0. 0.] ` [  137.07315779  -458.84423237 -1383.15351602]
(3, 0) | 2 | 15,05,1A, ` [0. 1.] ` [-859.06815712   39.12939625]
(2, 0) | 2 | 15,0A, ` [1. 0.] ` [   938.53855188 -14523.64637524]
(3, 0) | 2 | 1A, ` [1. 0.] ` [  475.64767636 -1945.17727808]
(2, 1) | 2 |  ` [0.67943515 0.32056485 0.         0.         0.         0.
 0.        ] ` [  653.17504076   308.17504076  -283.82495924  -851.82495924
 -1491.82495924 -2152.82495924 -5958.82495924]
(4, 0) | 2 | 1x, ` [0.         0.18742447 0.         0.         0.11757536 0.41440712
 0.28059304] ` [-2169.79227869   171.09043383   -48.78710909    -3.84452774
   107.3286745    378.29155272   256.13936474]
(2, 1) | 2 | 1x,01, ` [0.50089789 0.45296681 0.         0.         0.0461353  0.
 0.         0.        ] ` [ 282.9695251   255.89208176   -2.53014433 -210.20986255   26.06296337
 -259.3239143  -199.08851603 -566.73452693]
(4, 0) | 2 | 1x,01,11, ` [0. 0. 1.] ` [-120.82101254  -56.52765649    9.92547916]
(2, 1) | 2 | 1x,01,11,0A, ` [1. 0.] ` [ 166.7977568  -363.32443815]
(4, 0) | 2 | 1x,01,12, ` [0. 0. 1.] ` [-216.4427448  -110.33665386    5.59587206]
(2, 1) | 2 | 1x,01,12,0A, ` [1. 0.] ` [ 118.90315014 -472.42132722]
(4, 0) | 2 | 1x,01,13, ` [0. 0. 1.] ` [-180.8946301   -63.48998953   26.14159537]
(2, 1) | 2 | 1x,01,13,0A, ` [1. 0.] ` [ 128.70990424 -266.32534219]
(4, 0) | 2 | 1x,01,14, ` [0. 0. 1.] ` [-203.00061282  -91.41402441   21.0774037 ]
(2, 1) | 2 | 1x,01,14,0A, ` [1. 0.] ` [  40.0158976  -480.72159337]
(4, 0) | 2 | 1x,01,15, ` [0. 0. 1.] ` [-184.59862359  -81.13586633    9.46711767]
(2, 1) | 2 | 1x,01,15,0A, ` [1. 0.] ` [  42.80702694 -383.55624875]
(4, 0) | 2 | 1x,01,1A, ` [0. 1.] ` [-1631.81632336    21.25817102]
(2, 1) | 2 | 1x,02, ` [0.8944017 0.1055983 0.        0.        0.        0.        0.       ] ` [  203.85662097    24.06850631  -291.65384941  -494.69964221
  -785.90486248  -896.64173978 -1179.00083718]
(4, 0) | 2 | 1x,02,12, ` [0. 0. 1.] ` [-344.20558656 -181.75606197   17.07532169]
(2, 1) | 2 | 1x,02,12,0A, ` [1. 0.] ` [  75.96511054 -884.79378227]
(4, 0) | 2 | 1x,02,13, ` [0. 0. 1.] ` [-455.10317089 -216.70240199    7.04927324]
(2, 1) | 2 | 1x,02,13,0A, ` [1. 0.] ` [ 136.06595962 -716.16670962]
(4, 0) | 2 | 1x,02,14, ` [0. 0. 1.] ` [-372.08210939 -119.62137634    8.06420229]
(2, 1) | 2 | 1x,02,14,0A, ` [1. 0.] ` [ 216.18229496 -367.77296208]
(4, 0) | 2 | 1x,02,15, ` [0. 0. 1.] ` [-524.67780772 -190.23602329   30.04185827]
(2, 1) | 2 | 1x,02,15,0A, ` [1. 0.] ` [ 187.04421141 -256.66994285]
(4, 0) | 2 | 1x,02,1A, ` [0. 1.] ` [-1207.83883694    19.71221123]
(2, 1) | 2 | 1x,03, ` [0.71659658 0.28340342 0.         0.         0.         0.        ] ` [ 293.22884867  115.96770143 -412.52240921 -440.18342602 -873.61981299
 -685.8512649 ]
(4, 0) | 2 | 1x,03,13, ` [0. 0. 1.] ` [-310.95192099 -104.31185832   23.28955778]
(2, 1) | 2 | 1x,03,13,0A, ` [0.30086408 0.69913592] ` [ 65.26731459 151.6655747 ]
(4, 0) | 2 | 1x,03,14, ` [0. 0. 1.] ` [-361.7375922  -108.1617554    20.86418401]
(2, 1) | 2 | 1x,03,14,0A, ` [0. 1.] ` [ -4.4065995  159.22014573]
(4, 0) | 2 | 1x,03,15, ` [0. 0. 1.] ` [-1434.0019873   -364.13112987     4.81790458]
(2, 1) | 2 | 1x,03,15,0A, ` [0.33869996 0.66130004] ` [100.98604038 197.17177987]
(4, 0) | 2 | 1x,03,1A, ` [0. 1.] ` [-1009.89381314    27.23433896]
(2, 1) | 2 | 1x,04, ` [0.67997344 0.32002656 0.         0.         0.        ] ` [ 153.19867874   72.10229549 -142.31596587 -140.02760652 -114.51151637]
(4, 0) | 2 | 1x,04,14, ` [0. 1. 0.] ` [-172.66362079   16.20563609   -6.67511582]
(2, 1) | 2 | 1x,04,14,0A, ` [0.95414941 0.04585059] ` [74.28417044  3.5696436 ]
(4, 0) | 2 | 1x,04,15, ` [0. 0. 1.] ` [-320.20283764   -8.06401156    4.65800866]
(2, 1) | 2 | 1x,04,15,0A, ` [1. 0.] ` [ 62.13956439 -18.88498013]
(4, 0) | 2 | 1x,04,1A, ` [0. 1.] ` [-2106.82459698    22.31230306]
(2, 1) | 2 | 1x,05, ` [1. 0. 0. 0.] ` [   90.03979239  -377.07988257 -1412.74982462 -1314.98251294]
(4, 0) | 2 | 1x,05,15, ` [0. 0. 1.] ` [-1563.834797    -300.11090297     4.88095238]
(2, 1) | 2 | 1x,05,15,0A, ` [0.61568716 0.38431284] ` [172.08443024 107.41535704]
(4, 0) | 2 | 1x,05,1A, ` [0. 1.] ` [-3011.86638131    37.7802472 ]
(2, 1) | 2 | 1x,0A, ` [1. 0.] ` [  253.3258443  -2482.45005924]
(4, 0) | 2 | 11, ` [0.         0.         0.         0.         0.28614415 0.
 0.         0.71385585] ` [-2934.28994582 -1735.83436623  -267.68419093   -72.23870192
   181.99727106  -160.79902758  -422.33140966   454.03623914]
(2, 1) | 2 | 11,01, ` [0. 1. 0.] ` [ -74.72103709   66.46445072 -855.27272338]
(4, 0) | 2 | 11,01,1A, ` [0. 1.] ` [-1580.82220646    32.34913672]
(2, 1) | 2 | 11,02, ` [0.12733743 0.87266257 0.        ] ` [  13.58903998   93.12773876 -349.25639232]
(4, 0) | 2 | 11,02,1A, ` [0. 1.] ` [-1889.67896339    26.80824186]
(2, 1) | 2 | 11,03, ` [0.57135378 0.42864622 0.        ] ` [ 124.84179084   93.65994016 -546.48403934]
(4, 0) | 2 | 11,03,1A, ` [0. 1.] ` [-2256.57446699    29.77478033]
(2, 1) | 2 | 11,04, ` [0.71326414 0.28673586 0.        ] ` [  84.59769603   34.00870945 -147.52266293]
(4, 0) | 2 | 11,04,1A, ` [0. 1.] ` [-2124.82783248    32.3794442 ]
(2, 1) | 2 | 11,05, ` [1. 0. 0.] ` [ 111.86667427  -20.84592436 -280.31055414]
(4, 0) | 2 | 11,05,1A, ` [0. 1.] ` [-2564.81645955    33.01641495]
(2, 1) | 2 | 11,0A, ` [1. 0.] ` [  221.90665941 -2899.82691603]
(4, 0) | 2 | 12, ` [0.         0.0474678  0.18768702 0.05285719 0.15838287 0.14334649
 0.41025862] ` [-200.57119693   17.74500105   70.1634825    19.75972967   59.20864419
   53.58755595  153.36794872]
(2, 1) | 2 | 12,02, ` [0.68489105 0.31510895 0.        ] ` [ 113.08253003   52.02771594 -788.62475746]
(4, 0) | 2 | 12,02,1A, ` [0. 1.] ` [-463.0874903    21.52050609]
(2, 1) | 2 | 12,03, ` [0.85254962 0.14745038 0.        ] ` [ 103.53430317   17.90649115 -442.98101748]
(4, 0) | 2 | 12,03,1A, ` [0. 1.] ` [-437.55915149   23.12119087]
(2, 1) | 2 | 12,04, ` [1. 0. 0.] ` [ 105.79644826  -65.27343866 -506.032082  ]
(4, 0) | 2 | 12,04,1A, ` [0. 1.] ` [-537.04716669   24.60173569]
(2, 1) | 2 | 12,05, ` [1. 0. 0.] ` [  71.59602901  -81.20322165 -303.52918855]
(4, 0) | 2 | 12,05,1A, ` [0. 1.] ` [-601.21882662   25.04281267]
(2, 1) | 2 | 12,0A, ` [1. 0.] ` [  204.72782655 -3024.23794416]
(4, 0) | 2 | 13, ` [0.         0.         0.26787911 0.         0.09149309 0.6406278 ] ` [-131.98465877  -59.75372424   46.6660445    -8.6279813    15.93860978
  111.60095713]
(2, 1) | 2 | 13,03, ` [1. 0. 0.] ` [  92.96263633 -156.92690949 -997.63746163]
(4, 0) | 2 | 13,03,1A, ` [0. 1.] ` [-469.31470489   23.44000655]
(2, 1) | 2 | 13,04, ` [1. 0. 0.] ` [  57.06602649  -43.22224607 -225.39802399]
(4, 0) | 2 | 13,04,1A, ` [0. 1.] ` [-451.40264823   24.33717919]
(2, 1) | 2 | 13,05, ` [1. 0. 0.] ` [  52.14741915 -106.51449417 -288.84118772]
(4, 0) | 2 | 13,05,1A, ` [0. 1.] ` [-542.61657979   24.86646037]
(2, 1) | 2 | 13,0A, ` [1. 0.] ` [  284.91629014 -2783.83750768]
(4, 0) | 2 | 14, ` [0. 0. 0. 0. 1.] ` [-558.51959567 -348.8117864   -44.22013926   -7.23285716   98.7758164 ]
(2, 1) | 2 | 14,04, ` [0.48898128 0.51101872 0.        ] ` [  96.37526102  100.71870634 -217.64309418]
(4, 0) | 2 | 14,04,1A, ` [0. 1.] ` [-875.1973384    28.57103614]
(2, 1) | 2 | 14,05, ` [0.77600581 0.22399419 0.        ] ` [ 148.60934074   42.8961071  -239.13827145]
(4, 0) | 2 | 14,05,1A, ` [0. 1.] ` [-968.94788519   28.5710922 ]
(2, 1) | 2 | 14,0A, ` [1. 0.] ` [  169.9946329 -3735.4934164]
(4, 0) | 2 | 15, ` [0. 0. 0. 1.] ` [-1510.05843977  -934.0006502   -178.35296306    77.77374631]
(2, 1) | 2 | 15,05, ` [1. 0. 0.] ` [  98.45237465  -17.87726111 -206.46530386]
(4, 0) | 2 | 15,05,1A, ` [0. 1.] ` [-1753.368864      29.01216919]
(2, 1) | 2 | 15,0A, ` [1. 0.] ` [  157.65537422 -3192.19297903]
(4, 0) | 2 | 1A, ` [0. 1.] ` [-1613.16846235   171.42857143]
(1, 0) | 2 | 1x, ` [1. 0. 0. 0. 0. 0. 0.] ` [  267.27719868  -846.9058708  -1264.97212923 -1581.19173647
 -2363.7068914  -3311.74716011 -6202.6143246 ]
(1, 0) | 2 | 1x,01,11, ` [0.11579366 0.88420634 0.        ] ` [  0.53701612   4.10068281 -31.28020601]
(1, 0) | 2 | 1x,01,12, ` [0.46711755 0.53288245 0.        ] ` [ 17.54851012  20.01914284 -13.63909164]
(1, 0) | 2 | 1x,01,13, ` [0.56503333 0.43496667 0.        ] ` [  53.43234979   41.13260274 -104.99684916]
(1, 0) | 2 | 1x,01,14, ` [0.4371813 0.5628187 0.       ] ` [35.71765616 45.98221513 -2.71240525]
(1, 0) | 2 | 1x,01,15, ` [0.25625256 0.50089007 0.24285737] ` [20.2061015  39.49632951 19.14985968]
(1, 0) | 2 | 1x,01,1A, ` [1. 0.] ` [  234.53892099 -3384.61881204]
(1, 0) | 2 | 1x,02,12, ` [0.14482974 0.85517026 0.        ] ` [  5.80038925  34.24932186 -60.20847922]
(1, 0) | 2 | 1x,02,13, ` [0.38726146 0.61273854 0.        ] ` [  27.19646554   43.03119363 -143.93184547]
(1, 0) | 2 | 1x,02,14, ` [0.89310635 0.10689365 0.        ] ` [  62.26591578    7.4524505  -302.76255036]
(1, 0) | 2 | 1x,02,15, ` [1. 0. 0.] ` [   1.80338757  -51.52269114 -155.20459831]
(1, 0) | 2 | 1x,02,1A, ` [1. 0.] ` [  125.44131695 -2999.1227277 ]
(1, 0) | 2 | 1x,03,13, ` [0.         0.27036686 0.72963314] ` [-83.84707862  15.72778753  42.444236  ]
(1, 0) | 2 | 1x,03,14, ` [0.         0.39741668 0.60258332] ` [-82.89810336  26.87161636  40.74410648]
(1, 0) | 2 | 1x,03,15, ` [1. 0. 0.] ` [   87.26632043  -413.04261985 -1368.66266116]
(1, 0) | 2 | 1x,03,1A, ` [1. 0.] ` [   24.19781382 -2218.20356926]
(1, 0) | 2 | 1x,04,14, ` [1. 0. 0.] ` [  29.03292375  -62.79597403 -288.78050987]
(1, 0) | 2 | 1x,04,15, ` [1. 0. 0.] ` [  44.94494581 -100.48208186 -354.73133293]
(1, 0) | 2 | 1x,04,1A, ` [1. 0.] ` [   26.60177953 -2444.17362455]
(1, 0) | 2 | 1x,05,15, ` [0.9807019 0.0192981 0.       ] ` [ 151.38226624    2.97887731 -421.46454641]
(1, 0) | 2 | 1x,05,1A, ` [1. 0.] ` [  111.52464703 -2673.32909235]
(1, 0) | 2 | 11, ` [1. 0. 0. 0. 0. 0. 0. 0.] ` [   70.6735721   -790.84708718 -1533.98196569 -1904.88650247
 -2478.70081816 -2748.01900767 -2629.6771374  -7606.38697122]
(1, 0) | 2 | 11,01,1A, ` [1. 0.] ` [    8.28650941 -3840.9886159 ]
(1, 0) | 2 | 11,02,1A, ` [1. 0.] ` [    7.64908561 -3490.28167433]
(1, 0) | 2 | 11,03,1A, ` [1. 0.] ` [    7.01166181 -3080.97570386]
(1, 0) | 2 | 11,04,1A, ` [1. 0.] ` [    6.37423801 -2616.32158825]
(1, 0) | 2 | 11,05,1A, ` [1. 0.] ` [    4.96156904 -2233.42119471]
(1, 0) | 2 | 12, ` [1. 0. 0. 0. 0. 0. 0.] ` [   29.32120925  -176.5277682   -392.45447491  -462.06590928
  -571.25962289  -611.73185632 -1512.75855425]
(1, 0) | 2 | 12,02,1A, ` [1. 0.] ` [  13.94835485 -718.43049866]
(1, 0) | 2 | 12,03,1A, ` [1. 0.] ` [  11.67924449 -678.19767343]
(1, 0) | 2 | 12,04,1A, ` [1. 0.] ` [   9.74219907 -575.50698102]
(1, 0) | 2 | 12,05,1A, ` [1. 0.] ` [   8.0692962  -481.94704754]
(1, 0) | 2 | 13, ` [1. 0. 0. 0. 0. 0.] ` [   4.86454782 -179.20913987 -447.05522838 -502.40415361 -517.23639922
 -909.36577506]
(1, 0) | 2 | 13,03,1A, ` [1. 0.] ` [   0.43742406 -239.51651421]
(1, 0) | 2 | 13,04,1A, ` [1. 0.] ` [   0.36452005 -279.44973838]
(1, 0) | 2 | 13,05,1A, ` [1. 0.] ` [   0.30019298 -201.55317174]
(1, 0) | 2 | 14, ` [1. 0. 0. 0. 0.] ` [   48.05397172  -250.11333924  -611.15949843  -698.19190038
 -1092.99348701]
(1, 0) | 2 | 14,04,1A, ` [1. 0.] ` [  30.34134944 -237.19745644]
(1, 0) | 2 | 14,05,1A, ` [1. 0.] ` [  31.70636698 -188.3541042 ]
(1, 0) | 2 | 15, ` [1. 0. 0. 0.] ` [   63.39033815  -560.59347222 -1648.77698855 -1832.82913062]
(1, 0) | 2 | 15,05,1A, ` [0.80333686 0.19666314] ` [95.45209801 23.36741883]
(1, 0) | 2 | 1A, ` [1. 0.] ` [  258.10622306 -1661.3632256 ]
(3, 0) | 2 |  ` [0.53184598 0.46815402 0.         0.         0.         0.
 0.        ] ` [ 1511.40142648  1330.40142648 -1654.59857352 -4239.59857352
 -6425.59857352 -8429.59857352 -5829.59857352]
(2, 0) | 2 | 1x, ` [1. 0. 0. 0. 0. 0. 0.] ` [  389.86767045 -1217.54377302 -2212.04654444 -2854.56220533
 -3789.95704296 -5714.89823453 -9390.40209633]
(3, 0) | 2 | 1x,01, ` [0.66564832 0.33435168 0.         0.         0.         0.
 0.         0.        ] ` [  365.57160278   183.62470814  -403.44352601  -911.26529496
  -848.21123107 -1338.96427509 -1647.39156347 -2653.38455921]
(2, 0) | 2 | 1x,01,11, ` [0.         0.48255733 0.51744267] ` [-16.02779083  20.55795292  22.04414178]
(3, 0) | 2 | 1x,01,11,0A, ` [1. 0.] ` [  145.99094411 -2065.00972823]
(2, 0) | 2 | 1x,01,12, ` [0.37652812 0.62347188 0.        ] ` [   9.52416705   15.77053636 -136.38177987]
(3, 0) | 2 | 1x,01,12,0A, ` [1. 0.] ` [  242.89899781 -1077.34708332]
(2, 0) | 2 | 1x,01,13, ` [1. 0. 0.] ` [  20.61821466 -105.84267786 -662.93576218]
(3, 0) | 2 | 1x,01,13,0A, ` [1. 0.] ` [  172.7758163  -1099.80168453]
(2, 0) | 2 | 1x,01,14, ` [1. 0. 0.] ` [  19.35732925  -39.57680498 -259.58977505]
(3, 0) | 2 | 1x,01,14,0A, ` [1. 0.] ` [ 207.17133311 -762.39100034]
(2, 0) | 2 | 1x,01,15, ` [1. 0. 0.] ` [  18.72794351  -46.35999683 -209.67136705]
(3, 0) | 2 | 1x,01,15,0A, ` [1. 0.] ` [ 201.25329093 -524.897069  ]
(2, 0) | 2 | 1x,01,1A, ` [1. 0.] ` [  421.13269146 -3766.4212718 ]
(3, 0) | 2 | 1x,02, ` [0.70432466 0.29567534 0.         0.         0.         0.
 0.        ] ` [  497.42284982   208.81800074  -971.04710152 -1539.06764478
 -1503.77180886 -1940.99683323 -1710.09530082]
(2, 0) | 2 | 1x,02,12, ` [0. 1. 0.] ` [ -10.19061754   23.09478997 -198.16736472]
(3, 0) | 2 | 1x,02,12,0A, ` [1. 0.] ` [ 249.14953958 -327.13140599]
(2, 0) | 2 | 1x,02,13, ` [0.83922119 0.16077881 0.        ] ` [  53.04828497   10.16304191 -469.24788927]
(3, 0) | 2 | 1x,02,13,0A, ` [0.95300609 0.04699391] ` [349.01606414  17.2104142 ]
(2, 0) | 2 | 1x,02,14, ` [0.9550558 0.0449442 0.       ] ` [  72.44029357    3.40898486 -446.27955297]
(3, 0) | 2 | 1x,02,14,0A, ` [0. 1.] ` [-122.62019227   32.80742888]
(2, 0) | 2 | 1x,02,15, ` [0.47309555 0.52690445 0.        ] ` [  54.49798776   60.69647569 -121.44968644]
(3, 0) | 2 | 1x,02,15,0A, ` [0. 1.] ` [ -7.87654318 343.67095498]
(2, 0) | 2 | 1x,02,1A, ` [1. 0.] ` [   62.75314184 -4176.9997383 ]
(3, 0) | 2 | 1x,03, ` [0.61476438 0.38523562 0.         0.         0.         0.        ] ` [ 438.84937414  275.00032996 -547.06770656 -610.11442332 -468.95095079
 -559.3725197 ]
(2, 0) | 2 | 1x,03,13, ` [0. 1. 0.] ` [-13.41914204  43.69489076 -35.87246421]
(3, 0) | 2 | 1x,03,13,0A, ` [0. 1.] ` [-864.81883451   34.13557073]
(2, 0) | 2 | 1x,03,14, ` [0.         0.87268239 0.12731761] ` [-12.14821834  67.3748585    9.8294708 ]
(3, 0) | 2 | 1x,03,14,0A, ` [0. 1.] ` [-1179.56725357    28.24644131]
(2, 0) | 2 | 1x,03,15, ` [1. 0. 0.] ` [   22.15743564  -681.22789004 -2250.51017126]
(3, 0) | 2 | 1x,03,15,0A, ` [0. 1.] ` [-2863.83101706    10.95238095]
(2, 0) | 2 | 1x,03,1A, ` [1. 0.] ` [   46.06639874 -3200.99939033]
(3, 0) | 2 | 1x,04, ` [0.76201648 0.23798352 0.         0.         0.        ] ` [ 472.98880404  147.71798477 -807.64530052 -796.70900406 -778.66658192]
(2, 0) | 2 | 1x,04,14, ` [1. 0. 0.] ` [  31.4411082   -14.65637331 -328.68676313]
(3, 0) | 2 | 1x,04,14,0A, ` [0. 1.] ` [-584.41584816  163.35480521]
(2, 0) | 2 | 1x,04,15, ` [1. 0. 0.] ` [  32.65842301 -151.77270279 -582.11160285]
(3, 0) | 2 | 1x,04,15,0A, ` [0. 1.] ` [-849.86280975   94.96200778]
(2, 0) | 2 | 1x,04,1A, ` [1. 0.] ` [  102.47526714 -3176.16557179]
(3, 0) | 2 | 1x,05, ` [1. 0. 0. 0.] ` [  600.25429198  -632.70284649 -3054.43338727 -3155.37177166]
(2, 0) | 2 | 1x,05,15, ` [1. 0. 0.] ` [  22.71273199  -74.75756141 -751.11110336]
(3, 0) | 2 | 1x,05,15,0A, ` [0. 1.] ` [-2124.92125818    11.9047619 ]
(2, 0) | 2 | 1x,05,1A, ` [1. 0.] ` [  104.81352231 -3340.48987136]
(3, 0) | 2 | 1x,0A, ` [1. 0.] ` [  546.3237136  -1894.17864534]
(2, 0) | 2 | 11, ` [1. 0. 0. 0. 0. 0. 0. 0.] ` [  328.85801233  -619.66389899 -1848.62849695 -2536.65450976
 -3600.1359658  -4130.2907446  -4220.18226066 -8661.17153333]
(3, 0) | 2 | 11,01, ` [0. 1. 0.] ` [-522.62792014  197.38586804 -928.34825149]
(2, 0) | 2 | 11,01,1A, ` [1. 0.] ` [   37.26876647 -5880.24993138]
(3, 0) | 2 | 11,02, ` [0. 1. 0.] ` [-362.02969598  212.21941702 -418.77343312]
(2, 0) | 2 | 11,02,1A, ` [1. 0.] ` [  108.41854912 -5264.74979924]
(3, 0) | 2 | 11,03, ` [0.20451569 0.79548431 0.        ] ` [  58.47981777  227.46312137 -963.91315728]
(2, 0) | 2 | 11,03,1A, ` [1. 0.] ` [  143.93976573 -4403.64204029]
(3, 0) | 2 | 11,04, ` [0.18598121 0.81401879 0.        ] ` [  52.89146232  231.49997539 -122.81468535]
(2, 0) | 2 | 11,04,1A, ` [1. 0.] ` [  256.24817337 -3162.15183443]
(3, 0) | 2 | 11,05, ` [0.48622646 0.51377354 0.        ] ` [173.07484748 182.88037584 -43.87044171]
(2, 0) | 2 | 11,05,1A, ` [1. 0.] ` [  357.87453234 -2241.8849665 ]
(3, 0) | 2 | 11,0A, ` [1. 0.] ` [  311.66963563 -6331.79173097]
(2, 0) | 2 | 12, ` [1. 0. 0. 0. 0. 0. 0.] ` [   75.745464    -150.47530758  -731.3387944   -905.75204863
 -1161.80131509 -1260.16200258 -2008.65992378]
(3, 0) | 2 | 12,02, ` [0.25360663 0.74639337 0.        ] ` [   61.37994805   180.64821731 -1842.53170201]
(2, 0) | 2 | 12,02,1A, ` [1. 0.] ` [ 102.66686558 -844.844138  ]
(3, 0) | 2 | 12,03, ` [0.49894038 0.50105962 0.        ] ` [ 109.06257061  109.52581172 -925.81728394]
(2, 0) | 2 | 12,03,1A, ` [1. 0.] ` [ 108.3390979  -673.82426189]
(3, 0) | 2 | 12,04, ` [1. 0. 0.] ` [  170.1130676   -162.99585914 -1519.36704295]
(2, 0) | 2 | 12,04,1A, ` [1. 0.] ` [ 149.33940933 -387.86393065]
(3, 0) | 2 | 12,05, ` [1. 0. 0.] ` [  119.95425726  -382.37622262 -1405.99423559]
(2, 0) | 2 | 12,05,1A, ` [1. 0.] ` [ 186.73363666 -105.16490253]
(3, 0) | 2 | 12,0A, ` [1. 0.] ` [  678.41211743 -2167.88031812]
(2, 0) | 2 | 13, ` [1. 0. 0. 0. 0. 0.] ` [   74.58835831  -283.32452004  -797.23964608  -997.98373203
  -983.82809252 -1595.17967401]
(3, 0) | 2 | 13,03, ` [0.72965514 0.27034486 0.        ] ` [  136.59884501    50.61130155 -2078.1172519 ]
(2, 0) | 2 | 13,03,1A, ` [1. 0.] ` [  75.98552486 -423.56434136]
(3, 0) | 2 | 13,04, ` [0.95170548 0.04829452 0.        ] ` [  86.63379154    4.39625244 -517.96657403]
(2, 0) | 2 | 13,04,1A, ` [1. 0.] ` [  80.37860334 -223.11927814]
(3, 0) | 2 | 13,05, ` [1. 0. 0.] ` [ 103.44867858 -221.48101189 -837.48394033]
(2, 0) | 2 | 13,05,1A, ` [1. 0.] ` [108.22669096 -43.18486205]
(3, 0) | 2 | 13,0A, ` [1. 0.] ` [  602.15756715 -1904.58824062]
(2, 0) | 2 | 14, ` [1. 0. 0. 0. 0.] ` [   95.46890144  -279.56156544 -1062.64709576 -1149.68137347
 -1217.71816163]
(3, 0) | 2 | 14,04, ` [0. 1. 0.] ` [-204.39874385  149.01771607 -625.42228535]
(2, 0) | 2 | 14,04,1A, ` [0.57493662 0.42506338] ` [116.99361379  86.49597125]
(3, 0) | 2 | 14,05, ` [0.24776458 0.75223542 0.        ] ` [  35.23739264  106.98387783 -620.07812881]
(2, 0) | 2 | 14,05,1A, ` [0.25883788 0.74116212] ` [ 49.489183   141.70842232]
(3, 0) | 2 | 14,0A, ` [1. 0.] ` [  644.61824241 -1405.21251133]
(2, 0) | 2 | 15, ` [1. 0. 0. 0.] ` [  122.738667    -985.55959004 -2666.03971025 -3066.20268297]
(3, 0) | 2 | 15,05, ` [0.48500801 0.51499199 0.        ] ` [138.1684214  146.71021511  -0.58562221]
(2, 0) | 2 | 15,05,1A, ` [1. 0.] ` [151.18411277 -18.57605434]
(3, 0) | 2 | 15,0A, ` [0. 1.] ` [-1565.25475004    50.        ]
(2, 0) | 2 | 1A, ` [1. 0.] ` [  171.42857143 -4860.34969517]
(1, 2) | 2 |  ` [1. 0. 0. 0. 0. 0. 0.] ` [  482.72077697   -36.27922303  -713.27922303 -1528.27922303
 -1980.27922303 -2875.27922303 -6617.27922303]
(2, 1) | 2 | 1x, ` [1. 0. 0. 0. 0. 0. 0.] ` [  288.67610178  -336.0577185   -299.10299794  -495.30461142
  -725.62690299 -1371.14381592 -1479.61591032]
(1, 2) | 2 | 1x,01, ` [1. 0. 0. 0. 0. 0. 0. 0.] ` [   23.32394081  -103.53703717  -205.68221608  -346.09730726
  -216.7118613   -496.96233127  -474.29410673 -1890.69919107]
(2, 1) | 2 | 1x,01,11, ` [0.         0.39272132 0.60727868] ` [-11.63709422   9.77969887  15.1226898 ]
(1, 2) | 2 | 1x,01,11,0A, ` [1. 0.] ` [   8.967192   -775.62444045]
(2, 1) | 2 | 1x,01,12, ` [0. 0. 1.] ` [-6.56251302 -4.86387171 11.0947384 ]
(1, 2) | 2 | 1x,01,12,0A, ` [1. 0.] ` [   5.71428571 -978.05041187]
(2, 1) | 2 | 1x,01,13, ` [0.28050297 0.58894567 0.13055136] ` [ 7.55547237 15.86351405  3.5164591 ]
(1, 2) | 2 | 1x,01,13,0A, ` [1. 0.] ` [   5.23809524 -582.11334595]
(2, 1) | 2 | 1x,01,14, ` [0.07690723 0.18289878 0.74019399] ` [ 1.61107722  3.8314219  15.50581961]
(1, 2) | 2 | 1x,01,14,0A, ` [1. 0.] ` [   4.76190476 -656.7784457 ]
(2, 1) | 2 | 1x,01,15, ` [0.61484535 0.         0.38515465] ` [ 7.80541124 -1.53241471  4.88950663]
(1, 2) | 2 | 1x,01,15,0A, ` [1. 0.] ` [   4.28571429 -494.69075133]
(2, 1) | 2 | 1x,01,1A, ` [1. 0.] ` [ 266.10474061 -634.29114053]
(1, 2) | 2 | 1x,02, ` [1. 0. 0. 0. 0. 0. 0.] ` [  14.32100826 -119.82950887 -225.29187426 -316.81900635 -419.17041693
 -518.90328237 -964.27433333]
(2, 1) | 2 | 1x,02,12, ` [0.58395152 0.41604848 0.        ] ` [  9.07381655   6.46483055 -62.92880011]
(1, 2) | 2 | 1x,02,12,0A, ` [1. 0.] ` [   5.23809524 -376.88866319]
(2, 1) | 2 | 1x,02,13, ` [0.         0.24680035 0.75319965] ` [-45.39106526  12.31936985  37.59696892]
(1, 2) | 2 | 1x,02,13,0A, ` [1. 0.] ` [   4.76190476 -456.30711307]
(2, 1) | 2 | 1x,02,14, ` [0.         0.48704503 0.51295497] ` [-19.36125053  32.06563225  33.7714673 ]
(1, 2) | 2 | 1x,02,14,0A, ` [1. 0.] ` [   4.28571429 -395.53116175]
(2, 1) | 2 | 1x,02,15, ` [0.68895443 0.31104557 0.        ] ` [ 26.17396308  11.81688524 -20.05148993]
(1, 2) | 2 | 1x,02,15,0A, ` [1. 0.] ` [   4.91904963 -319.93290678]
(2, 1) | 2 | 1x,02,1A, ` [1. 0.] ` [   66.76378899 -1329.13865441]
(1, 2) | 2 | 1x,03, ` [1. 0. 0. 0. 0. 0.] ` [  73.74799173 -117.84501988 -499.78149959 -589.56894504 -456.96527525
 -757.66047549]
(2, 1) | 2 | 1x,03,13, ` [0.         0.32634459 0.67365541] ` [-35.01386109  11.22626995  23.17377965]
(1, 2) | 2 | 1x,03,13,0A, ` [0.75948966 0.24051034] ` [115.22746773  36.48949897]
(2, 1) | 2 | 1x,03,14, ` [0. 0. 1.] ` [-54.41844414  -7.95653598  14.09921951]
(1, 2) | 2 | 1x,03,14,0A, ` [0.64031722 0.35968278] ` [111.14334314  62.43209777]
(2, 1) | 2 | 1x,03,15, ` [0.45523744 0.54476256 0.        ] ` [  74.61859778   89.29278279 -147.60842012]
(1, 2) | 2 | 1x,03,15,0A, ` [1. 0.] ` [   3.33333333 -338.58865413]
(2, 1) | 2 | 1x,03,1A, ` [1. 0.] ` [  31.35301607 -772.27994889]
(1, 2) | 2 | 1x,04, ` [1. 0. 0. 0. 0.] ` [ 240.65123113  -28.12573126 -699.92174921 -863.46366246 -694.97721143]
(2, 1) | 2 | 1x,04,14, ` [0.22938453 0.57872749 0.19188799] ` [18.8909667  47.66111194 15.80293832]
(1, 2) | 2 | 1x,04,14,0A, ` [0.57207344 0.42792656] ` [167.49130765 125.28807333]
(2, 1) | 2 | 1x,04,15, ` [0.39824304 0.58578392 0.01597304] ` [34.07352337 50.11945046  1.36664747]
(1, 2) | 2 | 1x,04,15,0A, ` [0.43017867 0.56982133] ` [145.54523867 192.79147489]
(2, 1) | 2 | 1x,04,1A, ` [1. 0.] ` [ 109.17461517 -681.79575942]
(1, 2) | 2 | 1x,05, ` [1. 0. 0. 0.] ` [  216.54338854  -412.30744867 -1943.44827038 -1627.15198023]
(2, 1) | 2 | 1x,05,15, ` [0.         0.65073099 0.34926901] ` [-75.50257495  75.30552442  40.41898445]
(1, 2) | 2 | 1x,05,15,0A, ` [0.25737932 0.74262068] ` [119.24593932 344.06222012]
(2, 1) | 2 | 1x,05,1A, ` [1. 0.] ` [347.46579232 -27.97180079]
(1, 2) | 2 | 1x,0A, ` [1. 0.] ` [  343.47131576 -1067.44386316]
(2, 1) | 2 | 11, ` [0.81210837 0.18789163 0.         0.         0.         0.
 0.         0.        ] ` [  186.55625818    43.16217029  -303.43553242  -756.30254872
 -1180.20481853 -1187.36569505 -1321.09905245 -1558.74162988]
(1, 2) | 2 | 11,01, ` [0.80152834 0.19847166 0.        ] ` [  23.81017151    5.89579174 -561.11157326]
(2, 1) | 2 | 11,01,1A, ` [1. 0.] ` [   32.91846819 -1315.15425868]
(1, 2) | 2 | 11,02, ` [1. 0. 0.] ` [   6.29791715  -49.06269035 -479.26702214]
(2, 1) | 2 | 11,02,1A, ` [1. 0.] ` [ 206.33446559 -798.51418654]
(1, 2) | 2 | 11,03, ` [1. 0. 0.] ` [  22.79538767 -143.57964973 -993.34549849]
(2, 1) | 2 | 11,03,1A, ` [1. 0.] ` [ 359.08252288 -322.75939623]
(1, 2) | 2 | 11,04, ` [0.88182844 0.11817156 0.        ] ` [ 121.36491169   16.26379925 -323.73166732]
(2, 1) | 2 | 11,04,1A, ` [1. 0.] ` [ 162.15689405 -576.74759685]
(1, 2) | 2 | 11,05, ` [0.97486561 0.02513439 0.        ] ` [ 131.28159073    3.38475644 -240.85127395]
(2, 1) | 2 | 11,05,1A, ` [1. 0.] ` [ 260.46433549 -265.47347703]
(1, 2) | 2 | 11,0A, ` [1. 0.] ` [   79.06717102 -3797.53049895]
(2, 1) | 2 | 12, ` [0.67739058 0.32260942 0.         0.         0.         0.
 0.        ] ` [ 111.62554963   53.16202312 -212.06132182 -213.23165648 -274.21497298
 -198.25154328 -200.77392099]
(1, 2) | 2 | 12,02, ` [1. 0. 0.] ` [  56.9746536   -30.48651578 -797.96622854]
(2, 1) | 2 | 12,02,1A, ` [0.55452231 0.44547769] ` [86.09727774 69.16658871]
(1, 2) | 2 | 12,03, ` [1. 0. 0.] ` [  58.15902905  -54.11748615 -444.85869944]
(2, 1) | 2 | 12,03,1A, ` [0.32064184 0.67935816] ` [ 64.42961018 136.50988916]
(1, 2) | 2 | 12,04, ` [1. 0. 0.] ` [  58.21257854 -145.05039919 -594.9191382 ]
(2, 1) | 2 | 12,04,1A, ` [0.23344432 0.76655568] ` [ 58.33168659 191.5423975 ]
(1, 2) | 2 | 12,05, ` [1. 0. 0.] ` [  55.38713508 -151.88390686 -430.79086411]
(2, 1) | 2 | 12,05,1A, ` [0. 1.] ` [-103.71582523  172.39492793]
(1, 2) | 2 | 12,0A, ` [1. 0.] ` [   45.72621651 -2337.20474639]
(2, 1) | 2 | 13, ` [1. 0. 0. 0. 0. 0.] ` [ 108.39030223   -9.76150147 -248.75131464 -287.9519561  -272.36542228
 -111.18846383]
(1, 2) | 2 | 13,03, ` [0.51871712 0.48128288 0.        ] ` [ 132.21881174  122.67698299 -329.19655914]
(2, 1) | 2 | 13,03,1A, ` [0.69147203 0.30852797] ` [92.64340929 41.33657125]
(1, 2) | 2 | 13,04, ` [0.64652413 0.35347587 0.        ] ` [ 96.51220581  52.76637751 -54.69664867]
(2, 1) | 2 | 13,04,1A, ` [0.62521022 0.37478978] ` [93.83212617 56.24879596]
(1, 2) | 2 | 13,05, ` [0.81025651 0.18974349 0.        ] ` [118.18129352  27.67534873 -86.80396361]
(2, 1) | 2 | 13,05,1A, ` [0.46497155 0.53502845] ` [64.67705879 74.42190091]
(1, 2) | 2 | 13,0A, ` [1. 0.] ` [  133.78963887 -3882.13280166]
(2, 1) | 2 | 14, ` [1. 0. 0. 0. 0.] ` [  65.67569272  -48.30122076 -256.63762213 -291.98656883 -266.43259555]
(1, 2) | 2 | 14,04, ` [0.66043543 0.33956457 0.        ] ` [ 111.00324361   57.07260189 -173.6644665 ]
(2, 1) | 2 | 14,04,1A, ` [0.4966663 0.5033337] ` [53.97470163 54.69927435]
(1, 2) | 2 | 14,05, ` [0.95818501 0.04181499 0.        ] ` [ 108.34365956    4.72809371 -148.87006892]
(2, 1) | 2 | 14,05,1A, ` [0.38066546 0.61933454] ` [48.52757553 78.95332532]
(1, 2) | 2 | 14,0A, ` [1. 0.] ` [  130.08718513 -3031.46146343]
(2, 1) | 2 | 15, ` [1. 0. 0. 0.] ` [   97.93605978  -301.66910314  -959.45258983 -1085.09215956]
(1, 2) | 2 | 15,05, ` [0.43822541 0.25781008 0.3039645 ] ` [143.12617411  84.20180521  99.27602293]
(2, 1) | 2 | 15,05,1A, ` [0.3758166 0.6241834] ` [ 74.59623607 123.8948253 ]
(1, 2) | 2 | 15,0A, ` [1. 0.] ` [  111.43453184 -1944.70557465]
(2, 1) | 2 | 1A, ` [0.46674609 0.53325391] ` [248.58325101 284.00449906]
(1, 0) | 2 |  ` [1. 0. 0. 0. 0. 0. 0.] ` [   524.91240412  -1012.08759588  -2888.08759588  -4775.08759588
  -6519.08759588  -8582.08759588 -16903.08759588]
(1, 0) | 2 | 1x,01, ` [1. 0. 0. 0. 0. 0. 0. 0.] ` [  278.92687642   -20.93663537  -486.76271676  -619.79348446
  -834.42815794 -1056.02734588 -1323.74672051 -4041.43836124]
(1, 0) | 2 | 1x,01,11,0A, ` [1. 0.] ` [  155.407903   -2830.98019472]
(1, 0) | 2 | 1x,01,12,0A, ` [1. 0.] ` [   53.43011856 -2444.65956946]
(1, 0) | 2 | 1x,01,13,0A, ` [1. 0.] ` [  111.03532045 -1936.89514978]
(1, 0) | 2 | 1x,01,14,0A, ` [1. 0.] ` [   85.37756463 -2039.62253987]
(1, 0) | 2 | 1x,01,15,0A, ` [1. 0.] ` [   88.8322408  -1796.33550149]
(1, 0) | 2 | 1x,02, ` [1. 0. 0. 0. 0. 0. 0.] ` [  150.13727958  -546.95609011 -1258.87467292 -1657.97033315
 -2159.13049701 -2515.31740251 -4986.73587097]
(1, 0) | 2 | 1x,02,12,0A, ` [1. 0.] ` [   48.66740662 -2692.36400784]
(1, 0) | 2 | 1x,02,13,0A, ` [1. 0.] ` [   71.29961459 -2689.04370207]
(1, 0) | 2 | 1x,02,14,0A, ` [1. 0.] ` [  113.33631106 -2143.43833705]
(1, 0) | 2 | 1x,02,15,0A, ` [1. 0.] ` [  116.1312641  -2072.82325782]
(1, 0) | 2 | 1x,03, ` [1. 0. 0. 0. 0. 0.] ` [  449.63049322  -382.86993765 -1264.59008338 -1526.79394173
 -2338.88015167 -3512.06373132]
(1, 0) | 2 | 1x,03,13,0A, ` [1. 0.] ` [   22.55375751 -1456.87576699]
(1, 0) | 2 | 1x,03,14,0A, ` [1. 0.] ` [   20.49276071 -1346.36831225]
(1, 0) | 2 | 1x,03,15,0A, ` [1. 0.] ` [  301.07639472 -1198.9365703 ]
(1, 0) | 2 | 1x,04, ` [1. 0. 0. 0. 0.] ` [  107.47128622  -300.53977877  -948.66087819 -1107.72368475
 -1311.99278939]
(1, 0) | 2 | 1x,04,14,0A, ` [1. 0.] ` [ 93.57006634 -45.97272927]
(1, 0) | 2 | 1x,04,15,0A, ` [0.66371552 0.33628448] ` [126.17899471  63.93106204]
(1, 0) | 2 | 1x,05, ` [1. 0. 0. 0.] ` [   88.82113163 -1944.11622049 -4284.2299125  -6009.99092472]
(1, 0) | 2 | 1x,05,15,0A, ` [1. 0.] ` [   23.53386275 -1299.95361804]
(1, 0) | 2 | 1x,0A, ` [1. 0.] ` [  454.65227438 -3908.48747204]
(1, 0) | 2 | 11,01, ` [1. 0. 0.] ` [  168.50315557  -125.41734728 -3183.850747  ]
(1, 0) | 2 | 11,02, ` [1. 0. 0.] ` [   79.15437877  -326.69695743 -2409.52142051]
(1, 0) | 2 | 11,03, ` [1. 0. 0.] ` [   85.73511179  -736.32451774 -3911.21164843]
(1, 0) | 2 | 11,04, ` [1. 0. 0.] ` [   6.66666667 -272.5022179  -743.01068155]
(1, 0) | 2 | 11,05, ` [1. 0. 0.] ` [   7.08333333 -324.85680208 -852.18336985]
(1, 0) | 2 | 11,0A, ` [1. 0.] ` [   86.08092748 -9510.57745481]
(1, 0) | 2 | 12,02, ` [1. 0. 0.] ` [   13.59204961  -539.97151933 -3748.85892185]
(1, 0) | 2 | 12,03, ` [1. 0. 0.] ` [    5.71428571  -481.47486117 -2182.91106905]
(1, 0) | 2 | 12,04, ` [1. 0. 0.] ` [    6.19047619  -772.50583164 -2554.04001087]
(1, 0) | 2 | 12,05, ` [1. 0. 0.] ` [   10.48951353  -681.60883029 -1780.70358952]
(1, 0) | 2 | 12,0A, ` [1. 0.] ` [  501.91819007 -8777.24716108]
(1, 0) | 2 | 13,03, ` [1. 0. 0.] ` [   22.20469352  -937.0330122  -3920.91356641]
(1, 0) | 2 | 13,04, ` [1. 0. 0.] ` [  18.31895097 -243.08620452 -812.45224228]
(1, 0) | 2 | 13,05, ` [1. 0. 0.] ` [  12.67379024 -318.18707452 -825.72669753]
(1, 0) | 2 | 13,0A, ` [1. 0.] ` [  779.56115833 -9954.90870325]
(1, 0) | 2 | 14,04, ` [1. 0. 0.] ` [   26.17829741  -367.29482495 -1216.28486245]
(1, 0) | 2 | 14,05, ` [1. 0. 0.] ` [   11.91090621  -523.46669128 -1240.09350848]
(1, 0) | 2 | 14,0A, ` [1. 0.] ` [   471.50816607 -11561.23270351]
(1, 0) | 2 | 15,05, ` [1. 0. 0.] ` [  78.07497287 -224.31565588 -599.92790712]
(1, 0) | 2 | 15,0A, ` [1. 0.] ` [   352.90847928 -12195.45674454]
(2, 2) | 2 |  ` [1. 0. 0. 0. 0. 0. 0.] ` [  150.62951236   -98.37048764  -384.37048764  -739.37048764
  -930.37048764 -1517.37048764 -4310.37048764]
(2, 2) | 2 | 1x,01, ` [0.81472195 0.18527805 0.         0.         0.         0.
 0.         0.        ] ` [  50.96615677   11.59034696  -84.23066891 -148.09243719 -132.47034181
 -246.16052428 -278.0810543  -506.30361105]
(2, 2) | 2 | 1x,01,11,0A, ` [1. 0.] ` [   6.19047619 -231.14052517]
(2, 2) | 2 | 1x,01,12,0A, ` [1. 0.] ` [   5.71428571 -335.75248244]
(2, 2) | 2 | 1x,01,13,0A, ` [1. 0.] ` [   5.23809524 -197.60885976]
(2, 2) | 2 | 1x,01,14,0A, ` [1. 0.] ` [   4.76190476 -149.42718717]
(2, 2) | 2 | 1x,01,15,0A, ` [1. 0.] ` [  4.28571429 -93.46578844]
(2, 2) | 2 | 1x,02, ` [1. 0. 0. 0. 0. 0. 0.] ` [  51.65109435  -55.90380432 -138.72311575 -227.64406193 -379.49954299
 -526.52027378 -717.48915732]
(2, 2) | 2 | 1x,02,12,0A, ` [1. 0.] ` [   5.23809524 -493.44553902]
(2, 2) | 2 | 1x,02,13,0A, ` [1. 0.] ` [   4.76190476 -382.41778069]
(2, 2) | 2 | 1x,02,14,0A, ` [1. 0.] ` [   4.28571429 -297.8918137 ]
(2, 2) | 2 | 1x,02,15,0A, ` [1. 0.] ` [   0.61058345 -185.38777197]
(2, 2) | 2 | 1x,03, ` [1. 0. 0. 0. 0. 0.] ` [  36.85304262  -14.30569943 -213.56530237 -226.12514995 -304.91795825
 -235.1720971 ]
(2, 2) | 2 | 1x,03,13,0A, ` [0.52442181 0.47557819] ` [54.71178161 49.61603425]
(2, 2) | 2 | 1x,03,14,0A, ` [0.24429066 0.75570934] ` [21.28796351 65.85398101]
(2, 2) | 2 | 1x,03,15,0A, ` [0.3510009 0.6489991] ` [ 56.95506848 105.30966825]
(2, 2) | 2 | 1x,04, ` [0.81354854 0.18645146 0.         0.         0.        ] ` [ 176.71700914   40.50052764 -267.16909873 -299.40687069 -267.46497894]
(2, 2) | 2 | 1x,04,14,0A, ` [0.69193869 0.30806131] ` [118.67801665  52.83720264]
(2, 2) | 2 | 1x,04,15,0A, ` [0.61450477 0.38549523] ` [104.39433057  65.48934644]
(2, 2) | 2 | 1x,05, ` [1. 0. 0. 0.] ` [ 165.84812916  -62.20788606 -579.36025652 -489.74848793]
(2, 2) | 2 | 1x,05,15,0A, ` [0.55014915 0.44985085] ` [129.99328456 106.29406421]
(2, 2) | 2 | 1x,0A, ` [1. 0.] ` [   21.42857143 -1783.9431289 ]
(2, 2) | 2 | 11,01, ` [0.46868522 0.53131478 0.        ] ` [  57.73296209   65.4477131  -203.5271892 ]
(2, 2) | 2 | 11,02, ` [0.65979238 0.34020762 0.        ] ` [  77.72614663   40.07779958 -205.9077616 ]
(2, 2) | 2 | 11,03, ` [1. 0. 0.] ` [  27.14725366  -41.63319754 -362.22262344]
(2, 2) | 2 | 11,04, ` [1. 0. 0.] ` [   6.66666667  -49.10279637 -169.69020431]
(2, 2) | 2 | 11,05, ` [1. 0. 0.] ` [   7.08333333  -67.77446349 -180.6167005 ]
(2, 2) | 2 | 11,0A, ` [1. 0.] ` [   17.5        -1598.50219064]
(2, 2) | 2 | 12,02, ` [0.89846723 0.10153277 0.        ] ` [  22.0804398     2.49523652 -280.58399883]
(2, 2) | 2 | 12,03, ` [1. 0. 0.] ` [   5.71428571  -52.40665905 -146.51550833]
(2, 2) | 2 | 12,04, ` [1. 0. 0.] ` [   6.19047619 -113.84040364 -231.88752797]
(2, 2) | 2 | 12,05, ` [1. 0. 0.] ` [  11.84536985 -134.94007525 -220.67914978]
(2, 2) | 2 | 12,0A, ` [1. 0.] ` [   18.57142857 -1392.59645565]
(2, 2) | 2 | 13,03, ` [1. 0. 0.] ` [   5.         -111.99329197 -434.58335125]
(2, 2) | 2 | 13,04, ` [1. 0. 0.] ` [  16.03436232  -93.6709808  -147.55715838]
(2, 2) | 2 | 13,05, ` [1. 0. 0.] ` [  27.90102491  -99.58338364 -151.30457873]
(2, 2) | 2 | 13,0A, ` [1. 0.] ` [   20.         -1003.05564429]
(2, 2) | 2 | 14,04, ` [1. 0. 0.] ` [  53.76443459  -81.5762533  -237.03784172]
(2, 2) | 2 | 14,05, ` [1. 0. 0.] ` [  42.72301559 -172.95776874 -300.69778686]
(2, 2) | 2 | 14,0A, ` [1. 0.] ` [   22.         -1488.48731511]
(2, 2) | 2 | 15,05, ` [0.30775631 0.         0.69224369] ` [  57.93347464 -119.87948334  130.31116127]
(2, 2) | 2 | 15,0A, ` [1. 0.] ` [   25.         -2520.54565688]
(4, 0) | 2 |  ` [0.37517095 0.33686891 0.         0.         0.         0.28796014
 0.        ] ` [ 1273.35829908  1143.35829908  -473.64170092 -1707.64170092
 -1003.64170092   977.35829908 -1329.64170092]
(1, 1) | 2 | 1x, ` [1. 0. 0. 0. 0. 0. 0.] ` [   12.68949264  -581.16447434  -984.65347556 -1460.61472013
 -1970.4025517  -2024.17927214 -5225.02094705]
(4, 0) | 2 | 1x,01, ` [0. 0. 0. 0. 0. 0. 0. 1.] ` [-181.43371229 -109.0568807  -305.78463361 -142.73647228 -112.82098014
 -271.9084088  -311.89800094  396.49646199]
(1, 1) | 2 | 1x,01,11, ` [1. 0. 0.] ` [  1.12929424  -9.87941434 -41.14096554]
(4, 0) | 2 | 1x,01,11,0A, ` [0. 1.] ` [-185.95082572  117.31318148]
(1, 1) | 2 | 1x,01,12, ` [1. 0. 0.] ` [  0.84947093 -15.35617912 -22.16942707]
(4, 0) | 2 | 1x,01,12,0A, ` [0. 1.] ` [-693.2967363   187.66703494]
(1, 1) | 2 | 1x,01,13, ` [1. 0. 0.] ` [   0.89285714  -81.58663978 -144.80159742]
(4, 0) | 2 | 1x,01,13,0A, ` [0. 1.] ` [-665.72359572    9.04761905]
(1, 1) | 2 | 1x,01,14, ` [1. 0. 0.] ` [  0.95238095 -44.94673514 -75.72225598]
(4, 0) | 2 | 1x,01,14,0A, ` [0. 1.] ` [-914.68483712  109.9128182 ]
(1, 1) | 2 | 1x,01,15, ` [1. 0. 0.] ` [   1.01190476  -56.32575119 -103.8215339 ]
(4, 0) | 2 | 1x,01,15,0A, ` [0. 1.] ` [-1029.15438127    10.        ]
(1, 1) | 2 | 1x,01,1A, ` [1. 0.] ` [ 2.5000000e+00 -3.9175715e+03]
(4, 0) | 2 | 1x,02, ` [0. 0. 0. 0. 0. 0. 1.] ` [-2216.17085968 -1874.20149052  -325.45912086  -171.09015947
  -160.63576211  -309.54292551   103.72078207]
(1, 1) | 2 | 1x,02,12, ` [1. 0. 0.] ` [  18.00026552   -3.8420607  -131.71919888]
(4, 0) | 2 | 1x,02,12,0A, ` [0. 1.] ` [-2441.88425635     9.04761905]
(1, 1) | 2 | 1x,02,13, ` [1. 0. 0.] ` [  15.2110428   -46.74762788 -260.82105547]
(4, 0) | 2 | 1x,02,13,0A, ` [0. 1.] ` [-2904.2833557      9.52380952]
(1, 1) | 2 | 1x,02,14, ` [1. 0. 0.] ` [  12.5630442   -91.39551577 -326.99865503]
(4, 0) | 2 | 1x,02,14,0A, ` [0. 1.] ` [-3087.29310232    10.        ]
(1, 1) | 2 | 1x,02,15, ` [1. 0. 0.] ` [  1.38404859 -53.32985688 -90.14129254]
(4, 0) | 2 | 1x,02,15,0A, ` [0. 1.] ` [-3177.25442359    10.47619048]
(1, 1) | 2 | 1x,02,1A, ` [1. 0.] ` [   40.29751973 -3448.04718721]
(4, 0) | 2 | 1x,03, ` [0.         0.         0.         0.         0.37123087 0.62876913] ` [-2155.53720483 -1610.5801067   -351.56078257  -162.81410798
   109.04543775   184.69478708]
(1, 1) | 2 | 1x,03,13, ` [1. 0. 0.] ` [  0.71428571 -20.62149208 -76.46608606]
(4, 0) | 2 | 1x,03,13,0A, ` [0. 1.] ` [-2560.17581193    10.        ]
(1, 1) | 2 | 1x,03,14, ` [1. 0. 0.] ` [  1.46030937 -38.51332508 -97.90703979]
(4, 0) | 2 | 1x,03,14,0A, ` [0. 1.] ` [-3063.50333013    10.47619048]
(1, 1) | 2 | 1x,03,15, ` [1. 0. 0.] ` [    2.11034242  -569.54548849 -1364.10186909]
(4, 0) | 2 | 1x,03,15,0A, ` [0. 1.] ` [-4384.34902141    10.95238095]
(1, 1) | 2 | 1x,03,1A, ` [1. 0.] ` [    2.85714286 -2357.75874498]
(4, 0) | 2 | 1x,04, ` [0. 0. 0. 0. 1.] ` [-605.22972061 -428.58713176 -368.4219877  -340.39045635  181.25598933]
(1, 1) | 2 | 1x,04,14, ` [1. 0. 0.] ` [   6.97233511 -153.66888455 -428.21959038]
(4, 0) | 2 | 1x,04,14,0A, ` [0. 1.] ` [-1053.54958811    10.95238095]
(1, 1) | 2 | 1x,04,15, ` [1. 0. 0.] ` [   7.08526242 -245.88803158 -542.59884152]
(4, 0) | 2 | 1x,04,15,0A, ` [0. 1.] ` [-1177.43528986    11.42857143]
(1, 1) | 2 | 1x,04,1A, ` [1. 0.] ` [    3.14285714 -2154.78649969]
(4, 0) | 2 | 1x,05, ` [0. 0. 0. 1.] ` [-1001.71298843  -603.35665276  -199.86864046   164.78459   ]
(1, 1) | 2 | 1x,05,15, ` [1. 0. 0.] ` [   8.6155309  -185.47406936 -388.42783584]
(4, 0) | 2 | 1x,05,15,0A, ` [0. 1.] ` [-4183.56007777    11.9047619 ]
(1, 1) | 2 | 1x,05,1A, ` [1. 0.] ` [    3.57142857 -2852.09655719]
(4, 0) | 2 | 1x,0A, ` [0. 1.] ` [-999.4546702    21.42857143]
(1, 1) | 2 | 11, ` [1. 0. 0. 0. 0. 0. 0. 0.] ` [   16.76244327  -663.56358669 -1213.58252205 -1580.64916483
 -1839.66349629 -2018.47476409 -1755.22387496 -4344.83784048]
(4, 0) | 2 | 11,01, ` [0. 0. 1.] ` [-2596.56258289 -1619.18691605    13.33333333]
(1, 1) | 2 | 11,01,1A, ` [1. 0.] ` [    6.19047619 -3493.32381905]
(4, 0) | 2 | 11,02, ` [0. 0. 1.] ` [-2006.36130785 -1122.78596093    13.33333333]
(1, 1) | 2 | 11,02,1A, ` [1. 0.] ` [    5.71428571 -3164.49129965]
(4, 0) | 2 | 11,03, ` [0. 0. 1.] ` [-2557.9273025  -1552.85696147    14.91163345]
(1, 1) | 2 | 11,03,1A, ` [1. 0.] ` [    5.23809524 -2955.23046174]
(4, 0) | 2 | 11,04, ` [0. 0. 1.] ` [-1163.56015021  -613.59857865    39.52709473]
(1, 1) | 2 | 11,04,1A, ` [1. 0.] ` [    4.76190476 -2547.2740846 ]
(4, 0) | 2 | 11,05, ` [0. 0. 1.] ` [-965.96737743 -462.07862387   50.32081094]
(1, 1) | 2 | 11,05,1A, ` [1. 0.] ` [    4.28571429 -2254.65671636]
(4, 0) | 2 | 11,0A, ` [0.9182746 0.0817254] ` [224.72195495  20.        ]
(1, 1) | 2 | 12, ` [1. 0. 0. 0. 0. 0. 0.] ` [   15.260894    -216.52746125  -358.54738747  -427.2827872
  -502.55565206  -581.40837309 -1141.53126747]
(4, 0) | 2 | 12,02, ` [0. 0. 1.] ` [-794.16384019  -95.9960671    33.09006776]
(1, 1) | 2 | 12,02,1A, ` [1. 0.] ` [   5.23809524 -882.94077695]
(4, 0) | 2 | 12,03, ` [0. 1. 0.] ` [-242.71760863  116.72286011  -45.47342673]
(1, 1) | 2 | 12,03,1A, ` [1. 0.] ` [   4.76190476 -747.7256649 ]
(4, 0) | 2 | 12,04, ` [0. 1. 0.] ` [-133.3966656   161.48998987 -139.96606612]
(1, 1) | 2 | 12,04,1A, ` [1. 0.] ` [   4.28571429 -562.71795105]
(4, 0) | 2 | 12,05, ` [0. 1. 0.] ` [-74.4128469  110.26829822 -72.82119658]
(1, 1) | 2 | 12,05,1A, ` [1. 0.] ` [   3.80952381 -451.71360922]
(4, 0) | 2 | 12,0A, ` [0. 1.] ` [-7073.54967705    24.28571429]
(1, 1) | 2 | 13, ` [1. 0. 0. 0. 0. 0.] ` [  19.51843822 -154.29020221 -312.59732995 -356.51546586 -358.30414796
 -721.37552409]
(4, 0) | 2 | 13,03, ` [0.         0.59269523 0.40730477] ` [-654.14014456  207.26651391  142.43515841]
(1, 1) | 2 | 13,03,1A, ` [1. 0.] ` [   4.28571429 -373.49901575]
(4, 0) | 2 | 13,04, ` [0.13992858 0.86007142 0.        ] ` [ 20.91156825 128.53301846 -26.1445653 ]
(1, 1) | 2 | 13,04,1A, ` [1. 0.] ` [   3.80952381 -268.52124278]
(4, 0) | 2 | 13,05, ` [0.51652937 0.48347063 0.        ] ` [  86.94564534   81.38097919 -196.26889356]
(1, 1) | 2 | 13,05,1A, ` [1. 0.] ` [   3.33333333 -132.04063083]
(4, 0) | 2 | 13,0A, ` [0. 1.] ` [-8226.37988193    30.        ]
(1, 1) | 2 | 14, ` [1. 0. 0. 0. 0.] ` [  24.223206   -112.92776596 -243.55545981 -295.82415062 -348.83026608]
(4, 0) | 2 | 14,04, ` [0. 1. 0.] ` [-689.25649191   86.13469011  -28.65931699]
(1, 1) | 2 | 14,04,1A, ` [1. 0.] ` [   3.33333333 -125.82799858]
(4, 0) | 2 | 14,05, ` [0. 1. 0.] ` [-665.81603643   86.47507138  -17.71115314]
(1, 1) | 2 | 14,05,1A, ` [1. 0.] ` [ 11.81048402 -93.2686698 ]
(4, 0) | 2 | 14,0A, ` [0. 1.] ` [-9627.94676507    38.        ]
(1, 1) | 2 | 15, ` [1. 0. 0. 0.] ` [  144.36802774  -321.44253605 -1094.53655874  -952.64493331]
(4, 0) | 2 | 15,05, ` [0. 0. 1.] ` [-719.18471923  -79.3230197    43.38590709]
(1, 1) | 2 | 15,05,1A, ` [0.56127618 0.43872382] ` [59.62584122 46.60678218]
(4, 0) | 2 | 15,0A, ` [0. 1.] ` [-15018.1010124     50.       ]
(1, 1) | 2 | 1A, ` [1. 0.] ` [ 362.56569548 -369.77481182]
(1, 1) | 2 |  ` [1. 0. 0. 0. 0. 0. 0.] ` [   642.16002448   -787.83997552  -2058.83997552  -2634.83997552
  -4141.83997552  -5089.83997552 -12610.83997552]
(1, 2) | 2 | 1x, ` [1. 0. 0. 0. 0. 0. 0.] ` [  108.8461186   -146.08328574  -315.55055798  -478.54283802
  -950.85002274 -1038.30727797 -1794.67529602]
(1, 1) | 2 | 1x,01, ` [1. 0. 0. 0. 0. 0. 0. 0.] ` [   62.72144857  -165.75300156  -311.10821476  -667.7622578
  -320.0688116   -893.5107088   -741.02914329 -3072.0869047 ]
(1, 2) | 2 | 1x,01,11, ` [0.26865458 0.46415333 0.2671921 ] ` [5.14013116 8.88058188 5.11214974]
(1, 1) | 2 | 1x,01,11,0A, ` [1. 0.] ` [   33.628399   -1329.93806528]
(1, 2) | 2 | 1x,01,12, ` [1. 0. 0.] ` [ 0.92261905 -9.68973852 -8.58949311]
(1, 1) | 2 | 1x,01,12,0A, ` [1. 0.] ` [   18.77099941 -1861.94608933]
(1, 2) | 2 | 1x,01,13, ` [1. 0. 0.] ` [  7.49494237 -15.44279137 -11.69483611]
(1, 1) | 2 | 1x,01,13,0A, ` [1. 0.] ` [   29.45987554 -1008.53669578]
(1, 2) | 2 | 1x,01,14, ` [0. 0. 1.] ` [ -3.64115545 -33.9761266    5.65900963]
(1, 1) | 2 | 1x,01,14,0A, ` [1. 0.] ` [   27.03198981 -1101.32805688]
(1, 2) | 2 | 1x,01,15, ` [1. 0. 0.] ` [  1.01190476 -28.0903326   -6.17271409]
(1, 1) | 2 | 1x,01,15,0A, ` [1. 0.] ` [  30.98165612 -907.79004212]
(1, 2) | 2 | 1x,01,1A, ` [1. 0.] ` [    2.5        -1697.89920934]
(1, 1) | 2 | 1x,02, ` [1. 0. 0. 0. 0. 0. 0.] ` [   79.44981247  -137.16696327  -377.9248725   -556.61154426
  -780.80201284  -936.28668487 -1442.10273889]
(1, 2) | 2 | 1x,02,12, ` [0.44661505 0.31501059 0.23837435] ` [15.94834526 11.24883191  8.51219961]
(1, 1) | 2 | 1x,02,12,0A, ` [1. 0.] ` [  43.42326725 -725.08514958]
(1, 2) | 2 | 1x,02,13, ` [1. 0. 0.] ` [ 18.55402691  -4.97191894 -61.73132777]
(1, 1) | 2 | 1x,02,13,0A, ` [1. 0.] ` [  69.82168999 -618.98144368]
(1, 2) | 2 | 1x,02,14, ` [1. 0. 0.] ` [ 17.15875353 -18.30837849 -87.21130272]
(1, 1) | 2 | 1x,02,14,0A, ` [1. 0.] ` [ 124.60586635 -441.91730357]
(1, 2) | 2 | 1x,02,15, ` [0.12481778 0.15925379 0.71592843] ` [ 4.75034204  6.06091518 27.2469584 ]
(1, 1) | 2 | 1x,02,15,0A, ` [1. 0.] ` [ 109.89301673 -447.65492551]
(1, 2) | 2 | 1x,02,1A, ` [1. 0.] ` [    2.65306122 -1349.73502129]
(1, 1) | 2 | 1x,03, ` [0.92421999 0.07578001 0.         0.         0.         0.        ] ` [  321.38045318    26.35110043  -529.64903784  -607.84317403
 -1292.06388428 -1061.0122131 ]
(1, 2) | 2 | 1x,03,13, ` [0.64660501 0.2211666  0.1322284 ] ` [20.50084885  7.01216807  4.19234981]
(1, 1) | 2 | 1x,03,13,0A, ` [1. 0.] ` [170.62666032 -18.99834677]
(1, 2) | 2 | 1x,03,14, ` [0.83034402 0.16965598 0.        ] ` [ 21.12422143   4.3161033  -19.70365923]
(1, 1) | 2 | 1x,03,14,0A, ` [0.8282964 0.1717036] ` [172.53543028  35.76612767]
(1, 2) | 2 | 1x,03,15, ` [1. 0. 0.] ` [  17.89376645 -199.54689172 -460.0549665 ]
(1, 1) | 2 | 1x,03,15,0A, ` [0.60640346 0.39359654] ` [293.57589165 190.55045162]
(1, 2) | 2 | 1x,03,1A, ` [1. 0.] ` [   2.85714286 -954.72870717]
(1, 1) | 2 | 1x,04, ` [1. 0. 0. 0. 0.] ` [ 191.76475526 -124.2916985  -684.35855904 -774.14610618 -871.67951319]
(1, 2) | 2 | 1x,04,14, ` [1. 0. 0.] ` [  26.31644169  -16.99560537 -109.05140945]
(1, 1) | 2 | 1x,04,14,0A, ` [1. 0.] ` [159.88474233 -39.05417934]
(1, 2) | 2 | 1x,04,15, ` [1. 0. 0.] ` [  26.5718448   -31.49162543 -115.22000392]
(1, 1) | 2 | 1x,04,15,0A, ` [1. 0.] ` [148.32023273 -26.70327128]
(1, 2) | 2 | 1x,04,1A, ` [1. 0.] ` [   66.37168353 -1004.96000548]
(1, 1) | 2 | 1x,05, ` [1. 0. 0. 0.] ` [  127.01131931  -967.86363937 -2402.7269917  -3143.32784244]
(1, 2) | 2 | 1x,05,15, ` [0.64381575 0.35618425 0.        ] ` [ 47.88747924  26.49324135 -29.38041512]
(1, 1) | 2 | 1x,05,15,0A, ` [1. 0.] ` [ 150.10254518 -549.57346264]
(1, 2) | 2 | 1x,05,1A, ` [1. 0.] ` [   80.16470448 -1104.7192965 ]
(1, 1) | 2 | 1x,0A, ` [1. 0.] ` [  118.43694093 -3134.84272543]
(1, 2) | 2 | 11, ` [1. 0. 0. 0. 0. 0. 0. 0.] ` [  154.91004615  -124.44989101  -152.35254935  -253.74432855
  -355.48614815  -557.75911396  -542.25612718 -1678.72439114]
(1, 1) | 2 | 11,01, ` [1. 0. 0.] ` [ 127.33814299   -9.14776188 -488.54395011]
(1, 2) | 2 | 11,01,1A, ` [1. 0.] ` [    6.19047619 -1792.61091975]
(1, 1) | 2 | 11,02, ` [1. 0. 0.] ` [ 120.14389722  -42.26248079 -631.63230181]
(1, 2) | 2 | 11,02,1A, ` [1. 0.] ` [   34.81263903 -1468.7706777 ]
(1, 1) | 2 | 11,03, ` [1. 0. 0.] ` [  128.1527161   -232.9439164  -1629.40984149]
(1, 2) | 2 | 11,03,1A, ` [1. 0.] ` [   39.18111919 -1314.08871581]
(1, 1) | 2 | 11,04, ` [1. 0. 0.] ` [ 101.25025934  -73.13992568 -448.43844561]
(1, 2) | 2 | 11,04,1A, ` [1. 0.] ` [ 135.89107359 -996.76038552]
(1, 1) | 2 | 11,05, ` [1. 0. 0.] ` [  95.22122047 -139.7387256  -431.74932268]
(1, 2) | 2 | 11,05,1A, ` [1. 0.] ` [ 167.33362317 -823.15215349]
(1, 1) | 2 | 11,0A, ` [1. 0.] ` [   55.46104789 -5037.35186102]
(1, 2) | 2 | 12, ` [1. 0. 0. 0. 0. 0. 0.] ` [  14.75390135 -233.15826172 -168.58585537 -184.47592162 -221.76992087
 -272.64831857 -881.45178953]
(1, 1) | 2 | 12,02, ` [1. 0. 0.] ` [   67.92901637  -170.87138023 -1559.26161241]
(1, 2) | 2 | 12,02,1A, ` [1. 0.] ` [  55.17999451 -391.25083327]
(1, 1) | 2 | 12,03, ` [1. 0. 0.] ` [   85.84015474  -189.85177978 -1030.52233488]
(1, 2) | 2 | 12,03,1A, ` [1. 0.] ` [  59.47862051 -319.10098985]
(1, 1) | 2 | 12,04, ` [1. 0. 0.] ` [  114.18981451  -362.8268157  -1284.34987117]
(1, 2) | 2 | 12,04,1A, ` [1. 0.] ` [  63.29361073 -236.73340696]
(1, 1) | 2 | 12,05, ` [1. 0. 0.] ` [  110.09476364  -383.86891043 -1027.91287255]
(1, 2) | 2 | 12,05,1A, ` [1. 0.] ` [  65.69781391 -135.96254517]
(1, 1) | 2 | 12,0A, ` [1. 0.] ` [  387.54597302 -2854.04714391]
(1, 2) | 2 | 13, ` [1. 0. 0. 0. 0. 0.] ` [  13.11044752 -108.71325488 -143.70518179 -189.49430915 -252.3188869
 -510.42468723]
(1, 1) | 2 | 13,03, ` [1. 0. 0.] ` [   95.66830502  -327.03246785 -1541.13831338]
(1, 2) | 2 | 13,03,1A, ` [1. 0.] ` [   4.28571429 -146.49109128]
(1, 1) | 2 | 13,04, ` [1. 0. 0.] ` [  82.60318466 -108.03411535 -404.8797944 ]
(1, 2) | 2 | 13,04,1A, ` [1. 0.] ` [   3.80952381 -124.30036717]
(1, 1) | 2 | 13,05, ` [1. 0. 0.] ` [  92.61643612 -199.77476398 -527.91062236]
(1, 2) | 2 | 13,05,1A, ` [1. 0.] ` [ 33.78777888 -19.15224184]
(1, 1) | 2 | 13,0A, ` [1. 0.] ` [  399.58440291 -4102.33051466]
(1, 2) | 2 | 14, ` [1. 0. 0. 0. 0.] ` [  11.76643551 -118.25669091 -245.62639474 -298.63468107 -313.21843163]
(1, 1) | 2 | 14,04, ` [1. 0. 0.] ` [  96.26001096 -125.9208328  -584.96573615]
(1, 2) | 2 | 14,04,1A, ` [1. 0.] ` [ 29.37792141 -55.759945  ]
(1, 1) | 2 | 14,05, ` [1. 0. 0.] ` [ 106.38714455 -198.86141008 -523.43204906]
(1, 2) | 2 | 14,05,1A, ` [0.74148088 0.25851912] ` [47.08078571 16.41483096]
(1, 1) | 2 | 14,0A, ` [1. 0.] ` [  484.4561967  -5281.32794044]
(1, 2) | 2 | 15, ` [1. 0. 0. 0.] ` [  11.28571429 -326.97362191 -610.04786251 -806.61669019]
(1, 1) | 2 | 15,05, ` [0.71583333 0.28416667 0.        ] ` [ 99.85341846  39.63913484 -19.27767137]
(1, 2) | 2 | 15,05,1A, ` [1. 0.] ` [ 48.48179544 -85.8809006 ]
(1, 1) | 2 | 15,0A, ` [1. 0.] ` [  487.52556467 -5148.80155979]
(1, 2) | 2 | 1A, ` [1. 0.] ` [   21.42857143 -2337.88817401]
(3, 1) | 2 |  ` [0.         0.10955838 0.11040924 0.         0.         0.
 0.78003238] ` [-322.2373549  128.7626451  129.7626451 -167.2373549 -632.2373549
 -331.2373549  916.7626451]
(3, 1) | 2 | 1x,01, ` [0.12522498 0.14724016 0.         0.20406956 0.         0.16112915
 0.         0.36233615] ` [ 80.49995586  94.65225775 -24.73500427 131.18462089 -45.44245727
 103.58069081 -28.14887146 232.9251309 ]
(3, 1) | 2 | 1x,01,11,0A, ` [0.67734711 0.32265289] ` [109.17333277  52.00449012]
(3, 1) | 2 | 1x,01,12,0A, ` [0. 1.] ` [-147.46459148  173.38699975]
(3, 1) | 2 | 1x,01,13,0A, ` [0.47880006 0.52119994] ` [77.80216286 84.69189196]
(3, 1) | 2 | 1x,01,14,0A, ` [0. 1.] ` [-136.01858881   92.50290279]
(3, 1) | 2 | 1x,01,15,0A, ` [0. 1.] ` [-12.11149917 135.17620856]
(3, 1) | 2 | 1x,02, ` [0. 0. 0. 0. 0. 0. 1.] ` [-130.48383502 -100.86781707  -32.15702386   -4.86627968   -2.39735004
   -3.23941512   37.27977758]
(3, 1) | 2 | 1x,02,12,0A, ` [0. 1.] ` [-221.78670939   32.4902531 ]
(3, 1) | 2 | 1x,02,13,0A, ` [0. 1.] ` [-306.5704178    47.02230796]
(3, 1) | 2 | 1x,02,14,0A, ` [0. 1.] ` [-324.76313813   41.60980532]
(3, 1) | 2 | 1x,02,15,0A, ` [0. 1.] ` [-364.37688814    1.67910448]
(3, 1) | 2 | 1x,03, ` [0.         0.         0.11259855 0.59649576 0.         0.29090569] ` [-75.36204927 -23.47893987  26.1342999  138.44760438 -45.59675669
  67.51966904]
(3, 1) | 2 | 1x,03,13,0A, ` [0. 1.] ` [-232.21432468   96.26859941]
(3, 1) | 2 | 1x,03,14,0A, ` [0. 1.] ` [-382.06660329    3.13116753]
(3, 1) | 2 | 1x,03,15,0A, ` [0. 1.] ` [-295.81274151  153.55240833]
(3, 1) | 2 | 1x,04, ` [0.36119387 0.35904769 0.         0.         0.27975844] ` [103.72974597 103.11339268 -43.03839219 -62.45622519  80.34264661]
(3, 1) | 2 | 1x,04,14,0A, ` [0. 1.] ` [-72.12392795 142.29527499]
(3, 1) | 2 | 1x,04,15,0A, ` [0. 1.] ` [-115.42391307  148.48202608]
(3, 1) | 2 | 1x,05, ` [0.66606723 0.33393277 0.         0.        ] ` [ 160.27160394   80.35216138 -168.2341452   -79.48672376]
(3, 1) | 2 | 1x,05,15,0A, ` [0. 1.] ` [-48.14338888  56.78310618]
(3, 1) | 2 | 1x,0A, ` [0.58958284 0.41041716] ` [326.68888639 227.41286656]
(3, 1) | 2 | 11,01, ` [0. 0. 1.] ` [-255.3867432  -107.7705944    46.36407125]
(3, 1) | 2 | 11,02, ` [0. 0. 1.] ` [-154.0966884   -24.02087095   99.09684865]
(3, 1) | 2 | 11,03, ` [0.         0.29787959 0.70212041] ` [-16.77290179  54.7887019  129.14032282]
(3, 1) | 2 | 11,04, ` [0.13059554 0.34830715 0.52109731] ` [ 30.72452929  81.9444029  122.59584027]
(3, 1) | 2 | 11,05, ` [0.         0.30506878 0.69493122] ` [-25.98251373  77.01654497 175.439787  ]
(3, 1) | 2 | 11,0A, ` [1. 0.] ` [ 171.33528139 -646.72621351]
(3, 1) | 2 | 12,02, ` [0.41982998 0.58017002 0.        ] ` [ 52.61073716  72.70364979 -55.75814995]
(3, 1) | 2 | 12,03, ` [0.48725052 0.51274948 0.        ] ` [ 68.30791455  71.88262871 -25.67245651]
(3, 1) | 2 | 12,04, ` [0.40806242 0.4659919  0.12594569] ` [ 89.90279875 102.66560706  27.74788751]
(3, 1) | 2 | 12,05, ` [0.67586079 0.32413921 0.        ] ` [ 95.22374766  45.668799   -67.97915661]
(3, 1) | 2 | 12,0A, ` [0. 1.] ` [-709.11348323  198.81075311]
(3, 1) | 2 | 13,03, ` [0.13546004 0.49664638 0.36789358] ` [ 31.63862036 115.99882944  85.92678173]
(3, 1) | 2 | 13,04, ` [0.19058454 0.43439661 0.37501886] ` [35.87180799 81.76209789 70.58602185]
(3, 1) | 2 | 13,05, ` [0.31047743 0.40611098 0.28341158] ` [69.35684186 90.72020139 63.31066324]
(3, 1) | 2 | 13,0A, ` [0. 1.] ` [-600.41183017   53.09795296]
(3, 1) | 2 | 14,04, ` [0.         0.52500775 0.47499225] ` [-75.94828675 107.61508519  97.36300272]
(3, 1) | 2 | 14,05, ` [0.        0.4608633 0.5391367] ` [-102.44160939  104.27711336  121.98762589]
(3, 1) | 2 | 14,0A, ` [0. 1.] ` [-113.80737449  119.85499945]
(3, 1) | 2 | 15,05, ` [0.29724589 0.28684388 0.41591022] ` [ 97.63233022  94.21572237 136.6083937 ]
(3, 1) | 2 | 15,0A, ` [0. 1.] ` [-1044.57385583   300.8863858 ]
(5, 0) | 2 |  ` [0.31947744 0.13974833 0.21656406 0.0855834  0.         0.11315828
 0.12546849] ` [648.80568682 283.80568682 439.80568682 173.80568682 -40.19431318
 229.80568682 254.80568682]
(5, 0) | 2 | 1x,01, ` [0. 0. 0. 0. 0. 0. 0. 1.] ` [-422.23538629 -375.67804281 -104.00482362  -34.38093053  -48.80390937
 -166.68600562 -168.184282    109.59529146]
(5, 0) | 2 | 1x,01,11,0A, ` [0. 1.] ` [-353.72856835    4.0720496 ]
(5, 0) | 2 | 1x,01,12,0A, ` [0. 1.] ` [-459.86374722    9.3037647 ]
(5, 0) | 2 | 1x,01,13,0A, ` [0. 1.] ` [-444.97468241    9.23406051]
(5, 0) | 2 | 1x,01,14,0A, ` [0. 1.] ` [-356.43796579    7.63456278]
(5, 0) | 2 | 1x,01,15,0A, ` [0. 1.] ` [-385.0298009     6.67723146]
(5, 0) | 2 | 1x,02, ` [0. 0. 0. 0. 0. 0. 1.] ` [-290.01892902 -241.50007791  -59.33234507  -29.53968827  -13.0422614
  -31.89075065   38.42862672]
(5, 0) | 2 | 1x,02,12,0A, ` [0. 1.] ` [-254.41624051    5.74843196]
(5, 0) | 2 | 1x,02,13,0A, ` [0. 1.] ` [-307.69543256    3.66585434]
(5, 0) | 2 | 1x,02,14,0A, ` [0. 1.] ` [-356.5711079     3.29748822]
(5, 0) | 2 | 1x,02,15,0A, ` [0. 1.] ` [-345.81387077   10.47619048]
(5, 0) | 2 | 1x,03, ` [0.         0.         0.         0.         0.13961601 0.86038399] ` [-498.38224765 -384.34527705  -45.78127796  -40.57799169    8.22849731
   50.7081342 ]
(5, 0) | 2 | 1x,03,13,0A, ` [0. 1.] ` [-5.40056157e+02  9.87611004e-02]
(5, 0) | 2 | 1x,03,14,0A, ` [0. 1.] ` [-5.82393965e+02  1.07787334e-01]
(5, 0) | 2 | 1x,03,15,0A, ` [0. 1.] ` [-7.23177807e+02  1.03920205e-01]
(5, 0) | 2 | 1x,04, ` [0.         0.         0.36021798 0.63978202 0.        ] ` [-233.85122272 -158.44965987   11.10781259   19.72855121  -10.51964927]
(5, 0) | 2 | 1x,04,14,0A, ` [0. 1.] ` [-450.15979818    2.22487864]
(5, 0) | 2 | 1x,04,15,0A, ` [0. 1.] ` [-491.55664295    2.32161249]
(5, 0) | 2 | 1x,05, ` [0. 0. 0. 1.] ` [-700.48380679 -451.04698405  -33.10558595   28.02734923]
(5, 0) | 2 | 1x,05,15,0A, ` [0. 1.] ` [-1013.65531846    23.48224703]
(5, 0) | 2 | 1x,0A, ` [0. 1.] ` [-1078.88445324    63.02863662]
(5, 0) | 2 | 11,01, ` [0. 0. 1.] ` [-498.83317977 -312.8347362    15.41685495]
(5, 0) | 2 | 11,02, ` [0. 0. 1.] ` [-517.82381725 -335.66803121   32.99025591]
(5, 0) | 2 | 11,03, ` [0. 0. 1.] ` [-692.13318821 -439.00594984   14.60253898]
(5, 0) | 2 | 11,04, ` [0. 0. 1.] ` [-226.75172229 -136.66596808   40.17035717]
(5, 0) | 2 | 11,05, ` [0. 0. 1.] ` [-265.55937147 -139.94129514   41.06703559]
(5, 0) | 2 | 11,0A, ` [0. 1.] ` [-915.65000788   40.80060589]
(5, 0) | 2 | 12,02, ` [0. 0. 1.] ` [-434.38364289 -238.29579064   16.81456488]
(5, 0) | 2 | 12,03, ` [0. 0. 1.] ` [-208.82662573  -77.85133987   19.66782194]
(5, 0) | 2 | 12,04, ` [0. 0. 1.] ` [-179.97731677  -34.38892815   37.63661602]
(5, 0) | 2 | 12,05, ` [0. 0. 1.] ` [-149.09461529  -25.78064829   31.0142301 ]
(5, 0) | 2 | 12,0A, ` [0. 1.] ` [-2520.45753771   116.66615134]
(5, 0) | 2 | 13,03, ` [0. 0. 1.] ` [-720.43279419 -297.58796828   55.01919387]
(5, 0) | 2 | 13,04, ` [0. 0. 1.] ` [-130.93611302   -6.78367125   22.15789942]
(5, 0) | 2 | 13,05, ` [0.         0.70436892 0.29563108] ` [-105.29696591   11.11067114    4.66326619]
(5, 0) | 2 | 13,0A, ` [0. 1.] ` [-2515.74491833    89.42497167]
(5, 0) | 2 | 14,04, ` [0. 0. 1.] ` [-246.05853316  -15.6629344    21.14568496]
(5, 0) | 2 | 14,05, ` [0. 0. 1.] ` [-303.12184739  -30.33555708   15.50826954]
(5, 0) | 2 | 14,0A, ` [0. 1.] ` [-2702.87921644    93.42566576]
(5, 0) | 2 | 15,05, ` [0.         0.69229621 0.30770379] ` [-126.28253091   41.85627985   18.60379408]
(5, 0) | 2 | 15,0A, ` [0. 1.] ` [-3925.90803241   134.82235778]
(1, 3) | 2 |  ` [0.37768833 0.23228061 0.12090449 0.14720163 0.08300567 0.03891928
 0.        ] ` [ 488.31937199  300.31937199  156.31937199  190.31937199  107.31937199
   50.31937199 -122.68062801]
(1, 3) | 2 | 1x,01, ` [0.29233424 0.25565966 0.25287542 0.         0.19913067 0.
 0.         0.        ] ` [  56.34609788   49.27723844   48.74058964 -158.09893452   38.38153233
  -97.98286068  -50.73152769 -172.9627986 ]
(1, 3) | 2 | 1x,01,11,0A, ` [1. 0.] ` [   5.29817533 -128.17242089]
(1, 3) | 2 | 1x,01,12,0A, ` [0.66598399 0.33401601] ` [138.91074418  69.66896028]
(1, 3) | 2 | 1x,01,13,0A, ` [1. 0.] ` [   4.99301676 -116.4013256 ]
(1, 3) | 2 | 1x,01,14,0A, ` [0.76480713 0.23519287] ` [70.37826542 21.64266784]
(1, 3) | 2 | 1x,01,15,0A, ` [1. 0.] ` [ 37.99906921 -11.75336875]
(1, 3) | 2 | 1x,02, ` [0.54869409 0.45130591 0.         0.         0.         0.
 0.        ] ` [ 96.47477395  79.35138308  -2.51687573  -2.83443192  -2.85394316
 -19.41259126  -8.97661733]
(1, 3) | 2 | 1x,02,12,0A, ` [0.81425852 0.18574148] ` [63.68757571 14.52784888]
(1, 3) | 2 | 1x,02,13,0A, ` [0.78493092 0.21506908] ` [55.81245894 15.29247251]
(1, 3) | 2 | 1x,02,14,0A, ` [0.74908607 0.25091393] ` [47.93734217 16.05709613]
(1, 3) | 2 | 1x,02,15,0A, ` [1. 0.] ` [45.03077369 -5.62698472]
(1, 3) | 2 | 1x,03, ` [0.51126378 0.29396379 0.16480948 0.02996294 0.         0.        ] ` [ 44.09255162  25.3521062   14.21354438   2.58407244 -48.6381308
 -16.67383605]
(1, 3) | 2 | 1x,03,13,0A, ` [0.23580095 0.76419905] ` [ 5.42608361 17.5852045 ]
(1, 3) | 2 | 1x,03,14,0A, ` [0.26906194 0.73093806] ` [ 6.82039161 18.52838675]
(1, 3) | 2 | 1x,03,15,0A, ` [0.80077988 0.19922012] ` [21.18979265  5.27165207]
(1, 3) | 2 | 1x,04, ` [0.         0.03711015 0.         0.         0.96288985] ` [ -9.16283142   2.66042656 -19.70488885 -30.40940024  69.02957392]
(1, 3) | 2 | 1x,04,14,0A, ` [0. 1.] ` [-72.36510549  80.1858687 ]
(1, 3) | 2 | 1x,04,15,0A, ` [0. 1.] ` [-74.4994435   83.67221082]
(1, 3) | 2 | 1x,05, ` [0. 0. 0. 1.] ` [-24.98897858  -4.37373087 -19.41453078  65.56190527]
(1, 3) | 2 | 1x,05,15,0A, ` [0. 1.] ` [-82.63299148  87.41587369]
(1, 3) | 2 | 1x,0A, ` [1. 0.] ` [ 147.14562357 -470.42737454]
(1, 3) | 2 | 11,01, ` [0.42847019 0.44164354 0.12988627] ` [115.3802878  118.92766469  34.97633219]
(1, 3) | 2 | 11,02, ` [0.31531652 0.43677045 0.24791303] ` [27.86442664 38.59727449 21.90799993]
(1, 3) | 2 | 11,03, ` [0.28026469 0.36007563 0.35965968] ` [22.83479116 29.33745139 29.30356225]
(1, 3) | 2 | 11,04, ` [0. 0. 1.] ` [-22.494884   -23.31958979  35.21552166]
(1, 3) | 2 | 11,05, ` [0. 0. 1.] ` [-39.92996181 -40.5899945   33.16509751]
(1, 3) | 2 | 11,0A, ` [1. 0.] ` [ 280.         -220.13046151]
(1, 3) | 2 | 12,02, ` [0.52539793 0.47460207 0.        ] ` [ 69.16159543  62.47500147 -14.20737599]
(1, 3) | 2 | 12,03, ` [0.5551418 0.4448582 0.       ] ` [ 56.87658454  45.57757221 -13.63900071]
(1, 3) | 2 | 12,04, ` [0.60067494 0.39932506 0.        ] ` [ 46.07804987  30.63240889 -10.55605739]
(1, 3) | 2 | 12,05, ` [0.85714286 0.14285714 0.        ] ` [ 34.61230994   5.76871832 -40.38102827]
(1, 3) | 2 | 12,0A, ` [0.75780823 0.24219177] ` [240.50100651  76.8629367 ]
(1, 3) | 2 | 13,03, ` [0.71428571 0.28571429 0.        ] ` [  7.58843924   3.0353757  -10.62381494]
(1, 3) | 2 | 13,04, ` [0.8 0.2 0. ] ` [  8.15278579   2.03819645 -10.19098223]
(1, 3) | 2 | 13,05, ` [0.89473684 0.10526316 0.        ] ` [ 52.97959241   6.23289322 -59.21248564]
(1, 3) | 2 | 13,0A, ` [0.75406892 0.24593108] ` [262.34420201  85.56060543]
(1, 3) | 2 | 14,04, ` [0.83333333 0.16666667 0.        ] ` [ 24.72157276   4.94431455 -29.66588732]
(1, 3) | 2 | 14,05, ` [0.94117647 0.05882353 0.        ] ` [ 29.73188076   1.85824255 -31.5901233 ]
(1, 3) | 2 | 14,0A, ` [0.72686795 0.27313205] ` [263.1872978   98.89676194]
(1, 3) | 2 | 15,05, ` [1. 0. 0.] ` [ 14.73443336   0.         -14.73443336]
(1, 3) | 2 | 15,0A, ` [0.72064521 0.27935479] ` [278.48427516 107.95314187]
(5, 0) | 2 | 1x, ` [0.         0.         0.         0.         0.46639094 0.1905683
 0.34304076] ` [-1638.51269092   -98.77778461  -280.27534762  -310.59381111
   181.86027542    74.30848346   133.76221957]
(5, 0) | 2 | 1x,01,11, ` [0. 0. 1.] ` [-35.48967177 -25.97674517   1.9047619 ]
(5, 0) | 2 | 1x,01,12, ` [0.         0.29745505 0.70254495] ` [-11.05922623   1.53137997   3.61689365]
(5, 0) | 2 | 1x,01,13, ` [0. 0. 1.] ` [-85.54872647 -38.37938328  34.11476314]
(5, 0) | 2 | 1x,01,14, ` [0.         0.03143986 0.96856014] ` [-27.05913411   0.2945094    9.07288104]
(5, 0) | 2 | 1x,01,15, ` [0. 0. 1.] ` [-22.75346237  -0.42235345   9.19148321]
(5, 0) | 2 | 1x,01,1A, ` [0. 1.] ` [-1429.19926714    13.45175853]
(5, 0) | 2 | 1x,02,12, ` [0.        0.5127487 0.4872513] ` [-4.73273461 15.11256049 14.36105985]
(5, 0) | 2 | 1x,02,13, ` [0. 0. 1.] ` [-116.20450746  -39.06731751   36.41081044]
(5, 0) | 2 | 1x,02,14, ` [0. 0. 1.] ` [-156.64620265  -51.0228708    37.76279025]
(5, 0) | 2 | 1x,02,15, ` [0. 0. 1.] ` [-35.35389095 -14.18918494   2.53128816]
(5, 0) | 2 | 1x,02,1A, ` [0. 1.] ` [-1259.93429257    14.72440945]
(5, 0) | 2 | 1x,03,13, ` [0.20613302 0.58246472 0.21140226] ` [ 7.18357922 20.29845269  7.367208  ]
(5, 0) | 2 | 1x,03,14, ` [0.         0.55091001 0.44908999] ` [-10.2038068    9.71559521   7.91994422]
(5, 0) | 2 | 1x,03,15, ` [0. 0. 1.] ` [-539.19320621 -163.16571412   41.28079351]
(5, 0) | 2 | 1x,03,1A, ` [0. 1.] ` [-1013.48827812    10.39370079]
(5, 0) | 2 | 1x,04,14, ` [0. 0. 1.] ` [-220.48613858  -49.64710557   24.37437672]
(5, 0) | 2 | 1x,04,15, ` [0. 0. 1.] ` [-260.29235554  -50.48065331   23.09907557]
(5, 0) | 2 | 1x,04,1A, ` [0. 1.] ` [-1454.26371688    13.16535433]
(5, 0) | 2 | 1x,05,15, ` [0. 0. 1.] ` [-340.91905538  -53.40246602   21.47992223]
(5, 0) | 2 | 1x,05,1A, ` [0. 1.] ` [-1934.90800336    17.32283465]
(5, 0) | 2 | 11, ` [0. 0. 0. 0. 0. 0. 0. 1.] ` [-2241.92501444 -1894.78903069  -452.68660444  -365.03847062
  -312.57874142  -241.706042    -340.36154042   155.16419556]
(5, 0) | 2 | 11,01,1A, ` [0. 1.] ` [-1620.96686222    33.121982  ]
(5, 0) | 2 | 11,02,1A, ` [0. 1.] ` [-1734.41464769    37.8494238 ]
(5, 0) | 2 | 11,03,1A, ` [0. 1.] ` [-1838.38646768    39.95216957]
(5, 0) | 2 | 11,04,1A, ` [0. 1.] ` [-1978.19917436    42.05491533]
(5, 0) | 2 | 11,05,1A, ` [0. 1.] ` [-2126.14937399    37.94436269]
(5, 0) | 2 | 12, ` [0.         0.         0.21809306 0.1943753  0.39829392 0.18923772
 0.        ] ` [-5.53409627e+02 -4.36984303e+02  1.47297262e+01  1.31278595e+01
  2.69002625e+01  1.27808736e+01 -3.79564591e-02]
(5, 0) | 2 | 12,02,1A, ` [0. 1.] ` [-707.54024152   56.68505157]
(5, 0) | 2 | 12,03,1A, ` [0. 1.] ` [-742.47500652   59.66847533]
(5, 0) | 2 | 12,04,1A, ` [0. 1.] ` [-809.00658048   62.6518991 ]
(5, 0) | 2 | 12,05,1A, ` [0. 1.] ` [-767.04211164   43.28612863]
(5, 0) | 2 | 13, ` [0.         0.         0.12249964 0.19380586 0.26369042 0.42000408] ` [-156.73930684 -102.82302645   11.56885384   18.30300689   24.90289792
   39.66514499]
(5, 0) | 2 | 13,03,1A, ` [0. 1.] ` [-287.77530726   35.68113535]
(5, 0) | 2 | 13,04,1A, ` [0. 1.] ` [-318.97399799   34.13586991]
(5, 0) | 2 | 13,05,1A, ` [0. 1.] ` [-299.55140986   20.98930297]
(5, 0) | 2 | 14, ` [0.         0.         0.30347134 0.31041748 0.38611117] ` [-52.2690867  -14.07256245  24.41962282  24.97856257  31.06945527]
(5, 0) | 2 | 14,04,1A, ` [0. 1.] ` [-178.27855577   13.88451444]
(5, 0) | 2 | 14,05,1A, ` [0. 1.] ` [-192.55172382   14.48818898]
(5, 0) | 2 | 15, ` [0.         0.         0.51276896 0.48723104] ` [-178.62337941  -87.08528173   43.99723232   41.8059963 ]
(5, 0) | 2 | 15,05,1A, ` [0. 1.] ` [-471.61012946   19.68503937]
(5, 0) | 2 | 1A, ` [0. 1.] ` [-1541.54564817    35.43307087]
(3, 1) | 2 | 1x, ` [0.81238104 0.         0.         0.06811838 0.01754504 0.
 0.10195554] ` [ 232.15405128  -91.06005648 -111.1601342    19.46618263    5.01384438
 -108.72570327   29.13582615]
(3, 1) | 2 | 1x,01,11, ` [0.51647654 0.48352346 0.        ] ` [ 8.83409908  8.2704515  -5.48070562]
(3, 1) | 2 | 1x,01,12, ` [0. 0. 1.] ` [-9.7143367  -2.9933697   3.19742057]
(3, 1) | 2 | 1x,01,13, ` [0.41904736 0.37994723 0.20100541] ` [27.40900969 24.85155216 13.14734227]
(3, 1) | 2 | 1x,01,14, ` [0. 0. 1.] ` [-22.59549461  -3.73693435  24.29007325]
(3, 1) | 2 | 1x,01,15, ` [0. 0. 1.] ` [-30.89396465  -2.56822345  32.10279312]
(3, 1) | 2 | 1x,01,1A, ` [0.72793737 0.27206263] ` [279.80860837 104.5769426 ]
(3, 1) | 2 | 1x,02,12, ` [0. 1. 0.] ` [-0.11823119  4.12154379 -4.3273632 ]
(3, 1) | 2 | 1x,02,13, ` [0.36250911 0.4974392  0.14005169] ` [ 9.4577134  12.97798385  3.65389079]
(3, 1) | 2 | 1x,02,14, ` [0.70398733 0.29601267 0.        ] ` [ 27.79601742  11.68767228 -44.16413111]
(3, 1) | 2 | 1x,02,15, ` [0.         0.20091163 0.79908837] ` [-35.73521014   3.24997356  12.92616064]
(3, 1) | 2 | 1x,02,1A, ` [0.74807588 0.25192412] ` [183.68256413  61.85745256]
(3, 1) | 2 | 1x,03,13, ` [0.         0.27010625 0.72989375] ` [-15.20497447   8.89653999  24.0406468 ]
(3, 1) | 2 | 1x,03,14, ` [0.         0.29046587 0.70953413] ` [-19.84501694  11.8346752   28.90909701]
(3, 1) | 2 | 1x,03,15, ` [1. 0. 0.] ` [  26.55252053  -25.08985319 -139.47730857]
(3, 1) | 2 | 1x,03,1A, ` [1. 0.] ` [  26.65017439 -129.36216368]
(3, 1) | 2 | 1x,04,14, ` [0.27130162 0.72869838 0.        ] ` [  4.92519274  13.22874491 -18.89578971]
(3, 1) | 2 | 1x,04,15, ` [0.21582406 0.78417594 0.        ] ` [  2.30132143   8.36162999 -22.02874999]
(3, 1) | 2 | 1x,04,1A, ` [1. 0.] ` [ 89.69160825 -15.14694205]
(3, 1) | 2 | 1x,05,15, ` [0.41980336 0.54254786 0.03764878] ` [24.58835542 31.77763867  2.20513157]
(3, 1) | 2 | 1x,05,1A, ` [1. 0.] ` [ 36.6129221 -99.3469628]
(3, 1) | 2 | 11, ` [0.42864939 0.57135061 0.         0.         0.         0.
 0.         0.        ] ` [  78.7385114   104.95126637  -19.68376749  -17.05441257  -19.78190029
  -91.12362516  -87.82074754 -436.30330518]
(3, 1) | 2 | 11,01,1A, ` [1. 0.] ` [  99.83261396 -358.55642945]
(3, 1) | 2 | 11,02,1A, ` [1. 0.] ` [  63.23997754 -333.34106618]
(3, 1) | 2 | 11,03,1A, ` [1. 0.] ` [  47.9509847  -307.66260194]
(3, 1) | 2 | 11,04,1A, ` [1. 0.] ` [  36.00777321 -217.54594551]
(3, 1) | 2 | 11,05,1A, ` [1. 0.] ` [  32.91213499 -156.67540098]
(3, 1) | 2 | 12, ` [0.19679931 0.29066881 0.         0.         0.         0.
 0.51253188] ` [ 37.91228187  55.99571462  -5.39008352 -19.18144392 -31.78969657
 -42.78832577  98.73639003]
(3, 1) | 2 | 12,02,1A, ` [1. 0.] ` [26.89851516 -7.6491636 ]
(3, 1) | 2 | 12,03,1A, ` [0.50316672 0.49683328] ` [24.33328196 24.02699544]
(3, 1) | 2 | 12,04,1A, ` [0.3200897 0.6799103] ` [27.43132596 58.26754634]
(3, 1) | 2 | 12,05,1A, ` [0.25104026 0.74895974] ` [28.23128155 84.22590786]
(3, 1) | 2 | 13, ` [0.62966285 0.37033715 0.         0.         0.         0.        ] ` [  84.39216492   49.63537802  -72.22118705  -91.60383067  -95.06562244
 -142.85410533]
(3, 1) | 2 | 13,03,1A, ` [0.38928603 0.61071397] ` [19.80688077 31.0731392 ]
(3, 1) | 2 | 13,04,1A, ` [0.72295584 0.27704416] ` [44.69966435 17.12937369]
(3, 1) | 2 | 13,05,1A, ` [0.62025542 0.37974458] ` [41.29868688 25.28466867]
(3, 1) | 2 | 14, ` [0.49171714 0.50828286 0.         0.         0.        ] ` [ 47.70544942  49.31262334  -4.07645637  -1.95457582 -34.44288614]
(3, 1) | 2 | 14,04,1A, ` [0. 1.] ` [-25.82260684  35.64378787]
(3, 1) | 2 | 14,05,1A, ` [0. 1.] ` [-39.70506084  37.19351778]
(3, 1) | 2 | 15, ` [0.         0.         0.20165066 0.79834934] ` [-69.88968499  -4.58051022  16.85361335  66.7246589 ]
(3, 1) | 2 | 15,05,1A, ` [0. 1.] ` [-191.35522516   17.43724804]
(3, 1) | 2 | 1A, ` [0. 1.] ` [-329.942148  150.      ]
(4, 1) | 2 | 1x, ` [0.         0.         0.         0.         0.45693699 0.15370665
 0.38935635] ` [-76.81991505 -19.72184455 -54.83463344 -23.38968772  94.68446532
  31.85041365  80.6807035 ]
(4, 1) | 2 | 1x,01,11, ` [0.         0.33589044 0.66410956] ` [-8.53484027  1.66198753  3.28601732]
(4, 1) | 2 | 1x,01,12, ` [0.46035245 0.53964755 0.        ] ` [  7.66686007   8.98746648 -11.91814438]
(4, 1) | 2 | 1x,01,13, ` [0. 0. 1.] ` [-28.22311713  -7.36481487   1.38147312]
(4, 1) | 2 | 1x,01,14, ` [0.5298692 0.4701308 0.       ] ` [ 3.89963613  3.45998412 -0.7853625 ]
(4, 1) | 2 | 1x,01,15, ` [0.23038023 0.37392865 0.39569111] ` [3.0353285  4.92662189 5.21334876]
(4, 1) | 2 | 1x,01,1A, ` [0. 1.] ` [-42.2330904    4.04379923]
(4, 1) | 2 | 1x,02,12, ` [0.         0.40660508 0.59339492] ` [-0.17290655  7.37214227 10.75882243]
(4, 1) | 2 | 1x,02,13, ` [0.         0.12260601 0.87739399] ` [-11.18488404   2.03235418  14.54394685]
(4, 1) | 2 | 1x,02,14, ` [0.         0.12779181 0.87220819] ` [-15.05557408   2.53626171  17.31056322]
(4, 1) | 2 | 1x,02,15, ` [0.         0.03846154 0.96153846] ` [-1.1005325   0.04232817  1.05820433]
(4, 1) | 2 | 1x,02,1A, ` [0. 1.] ` [-9.04667894  9.04667894]
(4, 1) | 2 | 1x,03,13, ` [0.19945051 0.51496153 0.28558796] ` [3.12600364 8.07103278 4.47604264]
(4, 1) | 2 | 1x,03,14, ` [0.67486418 0.32513582 0.        ] ` [ 6.09814933  2.93796417 -5.74366041]
(4, 1) | 2 | 1x,03,15, ` [0.         0.29070454 0.70929546] ` [-28.801779    16.38185394  39.97039334]
(4, 1) | 2 | 1x,03,1A, ` [0. 1.] ` [-54.43738343  14.2687887 ]
(4, 1) | 2 | 1x,04,14, ` [0.14155452 0.49780963 0.36063584] ` [ 3.56627131 12.54162855  9.08572372]
(4, 1) | 2 | 1x,04,15, ` [0.         0.50362999 0.49637001] ` [-1.81049418 12.14252201 11.96748394]
(4, 1) | 2 | 1x,04,1A, ` [0. 1.] ` [-170.18711087    6.22423843]
(4, 1) | 2 | 1x,05,15, ` [0.         0.38412246 0.61587754] ` [-27.48093181  24.557554    39.37402097]
(4, 1) | 2 | 1x,05,1A, ` [0. 1.] ` [-164.53101937   35.22986428]
(4, 1) | 2 | 11, ` [0.         0.         0.         0.         0.         0.0514942
 0.00186618 0.94663963] ` [-2.01434537e+02 -1.57714979e+02 -3.91348942e+01 -3.95423800e+01
 -4.69216471e+01  4.57849144e+00  1.65927070e-01  8.41683497e+01]
(4, 1) | 2 | 11,01,1A, ` [0. 1.] ` [-135.51146234   88.98943014]
(4, 1) | 2 | 11,02,1A, ` [0. 1.] ` [-146.37615242   95.36081949]
(4, 1) | 2 | 11,03,1A, ` [0. 1.] ` [-158.52774466  101.73220885]
(4, 1) | 2 | 11,04,1A, ` [0. 1.] ` [-211.67742896   46.83136297]
(4, 1) | 2 | 11,05,1A, ` [0. 1.] ` [-237.13778116   48.65029838]
(4, 1) | 2 | 12, ` [0. 0. 0. 0. 0. 0. 1.] ` [-189.97930942 -141.00776337  -76.32861416  -76.91840823  -74.43908691
 -110.82072281   64.2466188 ]
(4, 1) | 2 | 12,02,1A, ` [0. 1.] ` [-106.54722842   26.05501867]
(4, 1) | 2 | 12,03,1A, ` [0. 1.] ` [-104.97036143   24.6364766 ]
(4, 1) | 2 | 12,04,1A, ` [0. 1.] ` [-108.27817614   26.69631732]
(4, 1) | 2 | 12,05,1A, ` [0. 1.] ` [-60.51160708  31.81411921]
(4, 1) | 2 | 13, ` [0. 0. 0. 0. 0. 1.] ` [-123.66288312  -83.48340581  -93.50530198  -84.76622162  -84.04584374
   59.85801204]
(4, 1) | 2 | 13,03,1A, ` [0.20474029 0.79525971] ` [ 5.59897435 21.74774107]
(4, 1) | 2 | 13,04,1A, ` [0. 1.] ` [-0.27374358 23.47892326]
(4, 1) | 2 | 13,05,1A, ` [0. 1.] ` [-2.18441942 20.73450744]
(4, 1) | 2 | 14, ` [0. 0. 0. 0. 1.] ` [-104.43670353  -57.18784188  -69.28583369  -74.286124     60.90019001]
(4, 1) | 2 | 14,04,1A, ` [0. 1.] ` [-74.0796077   76.33472932]
(4, 1) | 2 | 14,05,1A, ` [0. 1.] ` [-59.23365155  73.20231241]
(4, 1) | 2 | 15, ` [0. 0. 0. 1.] ` [-109.08733956  -33.79576199  -63.22000575  108.70646382]
(4, 1) | 2 | 15,05,1A, ` [0. 1.] ` [-62.23367949 118.6711542 ]
(4, 1) | 2 | 1A, ` [0. 1.] ` [-238.84756039  246.73821123]
(2, 2) | 2 | 1x, ` [0.25910885 0.0829844  0.11510819 0.         0.0142791  0.
 0.52851946] ` [ 132.36198356   42.39137188   58.80134464  -26.82808476    7.29426881
 -201.45138048  269.98647453]
(2, 2) | 2 | 1x,01,11, ` [0. 0. 1.] ` [-21.0023496  -15.80161387   5.06700102]
(2, 2) | 2 | 1x,01,12, ` [0. 0. 1.] ` [-10.55924325 -13.18634794  10.87457722]
(2, 2) | 2 | 1x,01,13, ` [0.06379585 0.25700429 0.67919986] ` [ 3.80317814 15.32126548 40.49038028]
(2, 2) | 2 | 1x,01,14, ` [0.09566981 0.02079963 0.88353056] ` [ 1.29860863  0.28233127 11.99291999]
(2, 2) | 2 | 1x,01,15, ` [0.03188955 0.13697247 0.83113798] ` [ 0.68150753  2.92722109 17.76214336]
(2, 2) | 2 | 1x,01,1A, ` [0.36568742 0.63431258] ` [ 66.89251415 116.03014182]
(2, 2) | 2 | 1x,02,12, ` [0.81373596 0.18626404 0.        ] ` [  3.80927771   0.87194312 -15.28339713]
(2, 2) | 2 | 1x,02,13, ` [0.50685738 0.49314262 0.        ] ` [ 2.93884454  2.85932404 -1.6914835 ]
(2, 2) | 2 | 1x,02,14, ` [0.         0.20326006 0.79673994] ` [-12.16817508   6.27604103  24.60086135]
(2, 2) | 2 | 1x,02,15, ` [0. 0. 1.] ` [-27.42973141  -8.47919909   8.64755547]
(2, 2) | 2 | 1x,02,1A, ` [0.08351377 0.91648623] ` [ 10.57875918 116.09208054]
(2, 2) | 2 | 1x,03,13, ` [0.1436266  0.38660538 0.46976802] ` [ 4.50214167 12.11859246 14.72542146]
(2, 2) | 2 | 1x,03,14, ` [0.         0.18478824 0.81521176] ` [-9.90729415  2.61064541 11.51712265]
(2, 2) | 2 | 1x,03,15, ` [0.         0.53087458 0.46912542] ` [-22.91998544  25.96912043  22.94849836]
(2, 2) | 2 | 1x,03,1A, ` [0.1986167 0.8013833] ` [ 37.34188897 150.66792136]
(2, 2) | 2 | 1x,04,14, ` [0.       0.359415 0.640585] ` [-15.26552335  24.14822287  43.03935407]
(2, 2) | 2 | 1x,04,15, ` [0.         0.40688263 0.59311737] ` [-13.74146699  31.86888836  46.4556359 ]
(2, 2) | 2 | 1x,04,1A, ` [0.42188338 0.57811662] ` [61.17042025 83.82324992]
(2, 2) | 2 | 1x,05,15, ` [0.         0.55079579 0.44920421] ` [-10.5518464   57.77163334  47.11594006]
(2, 2) | 2 | 1x,05,1A, ` [0. 1.] ` [ -2.50931242 227.81734785]
(2, 2) | 2 | 11, ` [0.29348072 0.2515237  0.         0.09961842 0.35537716 0.
 0.         0.        ] ` [163.16319893 139.83682031 -29.22544739  55.38374252 197.57506727
 -18.60938984  -7.23283996 -40.95837218]
(2, 2) | 2 | 11,01,1A, ` [0.49786627 0.50213373] ` [113.96220808 114.93903301]
(2, 2) | 2 | 11,02,1A, ` [0.17431009 0.82568991] ` [20.47298331 96.97852994]
(2, 2) | 2 | 11,03,1A, ` [0. 1.] ` [-106.18485353   55.23213197]
(2, 2) | 2 | 11,04,1A, ` [0.3920599 0.6079401] ` [ 97.59683762 151.33665065]
(2, 2) | 2 | 11,05,1A, ` [0.33746721 0.66253279] ` [ 81.67343016 160.34543309]
(2, 2) | 2 | 12, ` [0.29395896 0.02723123 0.11994473 0.19077052 0.18968365 0.1784109
 0.        ] ` [ 47.7495485    4.42333486  19.48335442  30.9880202   30.81147309
  28.98037137 -25.23654569]
(2, 2) | 2 | 12,02,1A, ` [0.61803284 0.38196716] ` [22.2217613  13.73387052]
(2, 2) | 2 | 12,03,1A, ` [0.39391602 0.60608398] ` [13.86503826 21.33291611]
(2, 2) | 2 | 12,04,1A, ` [0.26873921 0.73126079] ` [ 9.53559885 25.94712326]
(2, 2) | 2 | 12,05,1A, ` [0.29033213 0.70966787] ` [11.46040156 28.01301605]
(2, 2) | 2 | 13, ` [0. 0. 0. 0. 0. 1.] ` [ -1.15590567  -4.73983765 -13.46200075 -16.80142306 -20.02019276
  32.1331712 ]
(2, 2) | 2 | 13,03,1A, ` [0.02909233 0.97090767] ` [ 1.499633   50.04773416]
(2, 2) | 2 | 13,04,1A, ` [0.0257074 0.9742926] ` [ 1.38825119 52.61375251]
(2, 2) | 2 | 13,05,1A, ` [0.02420631 0.97579369] ` [ 1.366607   55.09003323]
(2, 2) | 2 | 14, ` [1. 0. 0. 0. 0.] ` [ 31.75676121  -9.80320935 -56.59584092 -68.23795538 -87.09496564]
(2, 2) | 2 | 14,04,1A, ` [0.16972721 0.83027279] ` [ 5.62741908 27.52824949]
(2, 2) | 2 | 14,05,1A, ` [0.17003081 0.82996919] ` [ 5.88259337 28.71462601]
(2, 2) | 2 | 15, ` [1. 0. 0. 0.] ` [  41.1198395   -96.7755032  -193.61584016 -347.58432455]
(2, 2) | 2 | 15,05,1A, ` [1. 0.] ` [  7.24189984 -42.73147779]
(2, 2) | 2 | 1A, ` [0.25672672 0.74327328] ` [ 62.15738691 179.95760332]
(3, 2) | 2 |  ` [0.22625226 0.12441506 0.24141951 0.12008156 0.10599769 0.18183391
 0.        ] ` [ 208.84030612  114.84030612  222.84030612  110.84030612   97.84030612
  167.84030612 -156.15969388]
(3, 2) | 2 | 1x,01, ` [0.52180203 0.41772434 0.06047363 0.         0.         0.
 0.         0.        ] ` [  70.08390496   56.10509646    8.122291    -35.79873138  -15.51664651
  -27.42026534  -39.3659592  -151.37923304]
(3, 2) | 2 | 1x,01,11,0A, ` [1. 0.] ` [  33.54117155 -159.12284871]
(3, 2) | 2 | 1x,01,12,0A, ` [1. 0.] ` [  62.20498585 -111.05118573]
(3, 2) | 2 | 1x,01,13,0A, ` [1. 0.] ` [  28.38099131 -134.64241044]
(3, 2) | 2 | 1x,01,14,0A, ` [1. 0.] ` [  25.80090119 -122.40219131]
(3, 2) | 2 | 1x,01,15,0A, ` [1. 0.] ` [  23.22081107 -110.16197218]
(3, 2) | 2 | 1x,02, ` [0.57650696 0.42349304 0.         0.         0.         0.
 0.        ] ` [ 92.75760368  68.13829067 -17.34026637 -24.11726433 -30.89426228
 -37.67126024 -91.88724387]
(3, 2) | 2 | 1x,02,12,0A, ` [1. 0.] ` [ 60.85924404 -74.5469775 ]
(3, 2) | 2 | 1x,02,13,0A, ` [1. 0.] ` [ 55.32658549 -67.76997954]
(3, 2) | 2 | 1x,02,14,0A, ` [1. 0.] ` [ 49.79392694 -60.99298159]
(3, 2) | 2 | 1x,02,15,0A, ` [1. 0.] ` [ 44.26126839 -54.21598363]
(3, 2) | 2 | 1x,03, ` [0.60714286 0.39285714 0.         0.         0.         0.        ] ` [ 32.08327264  20.75976465  -7.54900533  -9.43625666 -11.32350799
 -24.53426731]
(3, 2) | 2 | 1x,03,13,0A, ` [1. 0.] ` [ 16.98526198 -16.98526198]
(3, 2) | 2 | 1x,03,14,0A, ` [1. 0.] ` [ 15.09801065 -15.09801065]
(3, 2) | 2 | 1x,03,15,0A, ` [1. 0.] ` [ 13.21075932 -13.21075932]
(3, 2) | 2 | 1x,04, ` [0.67241379 0.32758621 0.         0.         0.        ] ` [ 15.00299099   7.30914946  -0.38469208  -8.07853361 -13.84891476]
(3, 2) | 2 | 1x,04,14,0A, ` [0.5 0.5] ` [0. 0.]
(3, 2) | 2 | 1x,04,15,0A, ` [1. 0.] ` [ 5.77038115 -5.77038115]
(3, 2) | 2 | 1x,05, ` [1. 0. 0. 0.] ` [  76.08821262   -5.61817856 -107.14015472 -169.03096093]
(3, 2) | 2 | 1x,05,15,0A, ` [1. 0.] ` [ 19.81558497 -61.89080621]
(3, 2) | 2 | 1x,0A, ` [1. 0.] ` [  37.74745115 -124.71444329]
(3, 2) | 2 | 11,01, ` [0.47457118 0.52542882 0.        ] ` [ 65.36565612  72.37059756 -58.019826  ]
(3, 2) | 2 | 11,02, ` [0.61538462 0.38461538 0.        ] ` [ 26.08268236  16.30167647 -42.38435883]
(3, 2) | 2 | 11,03, ` [1. 0. 0.] ` [  34.8983966    -3.31310591 -143.42194845]
(3, 2) | 2 | 11,04, ` [0.33333333 0.33333333 0.33333333] ` [0. 0. 0.]
(3, 2) | 2 | 11,05, ` [0.33333333 0.33333333 0.33333333] ` [0. 0. 0.]
(3, 2) | 2 | 11,0A, ` [0.98502529 0.01497471] ` [230.07220366   3.497641  ]
(3, 2) | 2 | 12,02, ` [0.88661706 0.11338294 0.        ] ` [  34.64007141    4.42986397 -161.72627691]
(3, 2) | 2 | 12,03, ` [0.62333731 0.37666269 0.        ] ` [ 29.5893816   17.87991166 -33.16078865]
(3, 2) | 2 | 12,04, ` [0.65973177 0.34026823 0.        ] ` [ 25.83647472  13.32561467 -29.38467301]
(3, 2) | 2 | 12,05, ` [1. 0. 0.] ` [  8.52230867 -22.75141104 -72.78936257]
(3, 2) | 2 | 12,0A, ` [1. 0.] ` [ 115.97741442 -143.84413493]
(3, 2) | 2 | 13,03, ` [1. 0. 0.] ` [  41.09854426  -19.12582508 -199.79893311]
(3, 2) | 2 | 13,04, ` [0.8 0.2 0. ] ` [ 1.3429624  0.3357406 -1.678703 ]
(3, 2) | 2 | 13,05, ` [0.89473684 0.10526316 0.        ] ` [ 4.03277537  0.47444416 -4.50721953]
(3, 2) | 2 | 13,0A, ` [1. 0.] ` [186.86231666 -87.77792993]
(3, 2) | 2 | 14,04, ` [0.33333333 0.33333333 0.33333333] ` [0. 0. 0.]
(3, 2) | 2 | 14,05, ` [0.33333333 0.33333333 0.33333333] ` [0. 0. 0.]
(3, 2) | 2 | 14,0A, ` [1. 0.] ` [ 220.         -306.40730623]
(3, 2) | 2 | 15,05, ` [0.33333333 0.33333333 0.33333333] ` [0. 0. 0.]
(3, 2) | 2 | 15,0A, ` [1. 0.] ` [ 100. -500.]
(3, 2) | 2 | 1x, ` [0.62294543 0.11384696 0.16651737 0.09669023 0.         0.
 0.        ] ` [ 118.78846797   21.70929555   31.75293165   18.43770482 -101.46680506
 -100.34338139 -178.2016445 ]
(3, 2) | 2 | 1x,01,11, ` [0.62001713 0.37998287 0.        ] ` [ 7.21939453  4.42446852 -6.70100779]
(3, 2) | 2 | 1x,01,12, ` [0.70710012 0.29289988 0.        ] ` [ 5.5140154   2.28405338 -4.87296541]
(3, 2) | 2 | 1x,01,13, ` [0.85359001 0.14640999 0.        ] ` [ 19.32241288   3.31423071 -55.38243725]
(3, 2) | 2 | 1x,01,14, ` [0.75 0.25 0.  ] ` [ 4.20825677  1.40275226 -5.61100903]
(3, 2) | 2 | 1x,01,15, ` [0.82608696 0.17391304 0.        ] ` [ 5.76682657  1.21406875 -6.98089533]
(3, 2) | 2 | 1x,01,1A, ` [1. 0.] ` [  32.34494806 -165.43013217]
(3, 2) | 2 | 1x,02,12, ` [0.625 0.375 0.   ] ` [ 3.12768578  1.87661147 -5.00429725]
(3, 2) | 2 | 1x,02,13, ` [0.69565217 0.30434783 0.        ] ` [ 6.34750032  2.77703139 -9.12453172]
(3, 2) | 2 | 1x,02,14, ` [0.77272727 0.22727273 0.        ] ` [ 12.60739679   3.70805788 -16.31545467]
(3, 2) | 2 | 1x,02,15, ` [0.28205128 0.         0.71794872] ` [ 0.58848397 -2.08644317  1.4979592 ]
(3, 2) | 2 | 1x,02,1A, ` [1. 0.] ` [  18.43635049 -257.60199359]
(3, 2) | 2 | 1x,03,13, ` [0.33333333 0.33333333 0.33333333] ` [0. 0. 0.]
(3, 2) | 2 | 1x,03,14, ` [0.33333333 0.33333333 0.33333333] ` [0. 0. 0.]
(3, 2) | 2 | 1x,03,15, ` [1. 0. 0.] ` [ 14.55113716 -30.89574129 -94.52137112]
(3, 2) | 2 | 1x,03,1A, ` [1. 0.] ` [  27.69269501 -164.16209514]
(3, 2) | 2 | 1x,04,14, ` [0.83333333 0.16666667 0.        ] ` [ 17.04978235   3.40995647 -20.45973882]
(3, 2) | 2 | 1x,04,15, ` [0.75606535 0.24393465 0.        ] ` [ 18.19562751   5.87058246 -12.6188845 ]
(3, 2) | 2 | 1x,04,1A, ` [1. 0.] ` [ 96.43090433 -86.77425885]
(3, 2) | 2 | 1x,05,15, ` [0.07253171 0.42857143 0.49889686] ` [ 7.14138557 42.19663237 49.12079092]
(3, 2) | 2 | 1x,05,1A, ` [1. 0.] ` [  71.61482795 -101.79517112]
(3, 2) | 2 | 11, ` [0.20378788 0.1889978  0.14091203 0.13715745 0.11499042 0.12620006
 0.08795435 0.        ] ` [147.0908934  136.41564672 101.70809268  98.99809428  82.99827765
  91.08922172  63.48406647 -11.04158784]
(3, 2) | 2 | 11,01,1A, ` [1. 0.] ` [  21.16791807 -268.169095  ]
(3, 2) | 2 | 11,02,1A, ` [1. 0.] ` [  19.53961668 -247.54070308]
(3, 2) | 2 | 11,03,1A, ` [1. 0.] ` [  17.91131529 -226.91231115]
(3, 2) | 2 | 11,04,1A, ` [1. 0.] ` [  16.2830139  -206.28391923]
(3, 2) | 2 | 11,05,1A, ` [1. 0.] ` [  14.65471251 -185.65552731]
(3, 2) | 2 | 12, ` [0.58256492 0.36526707 0.04254738 0.00962063 0.         0.
 0.        ] ` [14.36947474  9.00963262  1.0494685   0.23730118 -0.57486614 -1.38703346
 -7.88437201]
(3, 2) | 2 | 12,02,1A, ` [1. 0.] ` [ 8.93384052 -8.93384052]
(3, 2) | 2 | 12,03,1A, ` [1. 0.] ` [ 8.1216732 -8.1216732]
(3, 2) | 2 | 12,04,1A, ` [1. 0.] ` [ 7.30950588 -7.30950588]
(3, 2) | 2 | 12,05,1A, ` [1. 0.] ` [ 6.49733856 -6.49733856]
(3, 2) | 2 | 13, ` [0.60714286 0.39285714 0.         0.         0.         0.        ] ` [ 19.49885641  12.61690709  -4.58796621  -5.73495777  -6.88194932
 -14.9108902 ]
(3, 2) | 2 | 13,03,1A, ` [1. 0.] ` [ 10.32292398 -10.32292398]
(3, 2) | 2 | 13,04,1A, ` [1. 0.] ` [ 9.17593243 -9.17593243]
(3, 2) | 2 | 13,05,1A, ` [1. 0.] ` [ 8.02894088 -8.02894088]
(3, 2) | 2 | 14, ` [0.40693601 0.33059388 0.06708203 0.07473503 0.12065304] ` [9.65334319 7.84235397 1.59132113 1.77286578 2.86213363]
(3, 2) | 2 | 14,04,1A, ` [1. 0.] ` [ 4.44004362 -4.44004362]
(3, 2) | 2 | 14,05,1A, ` [1. 0.] ` [ 3.80575167 -3.80575167]
(3, 2) | 2 | 15, ` [0.47399397 0.34133132 0.10866868 0.07600603] ` [33.17394216 23.88913424  7.60551532  5.31951842]
(3, 2) | 2 | 15,05,1A, ` [1. 0.] ` [ 6.99881101 -6.99881101]
(3, 2) | 2 | 1A, ` [0.78075101 0.21924899] ` [35.0970433   9.85588368]
(4, 1) | 2 |  ` [0.11335138 0.11895519 0.16298511 0.08613288 0.05971493 0.02048827
 0.43837225] ` [141.59293458 148.59293458 203.59293458 107.59293458  74.59293458
  25.59293458 547.59293458]
(4, 1) | 2 | 1x,01, ` [0.         0.         0.         0.11335344 0.         0.
 0.         0.88664656] ` [ -9.6532335   -3.5186083  -15.74141627   9.36170194 -42.3893663
 -34.47468179 -37.45295011  73.22689767]
(4, 1) | 2 | 1x,01,11,0A, ` [0.17599669 0.82400331] ` [ 8.37481698 39.2102657 ]
(4, 1) | 2 | 1x,01,12,0A, ` [0. 1.] ` [-54.32397576  59.64994698]
(4, 1) | 2 | 1x,01,13,0A, ` [0.71200232 0.28799768] ` [21.25915081  8.59910957]
(4, 1) | 2 | 1x,01,14,0A, ` [0. 1.] ` [-13.3852777   70.99942412]
(4, 1) | 2 | 1x,01,15,0A, ` [0. 1.] ` [-11.88058905  43.55135505]
(4, 1) | 2 | 1x,02, ` [0.39065366 0.37090639 0.00189029 0.04099797 0.         0.
 0.19555169] ` [ 19.57354301  18.58411425   0.09471238   2.05418688 -13.58969384
  -9.3792689    9.79803798]
(4, 1) | 2 | 1x,02,12,0A, ` [1. 0.] ` [ 14.08073625 -14.08073625]
(4, 1) | 2 | 1x,02,13,0A, ` [1. 0.] ` [ 11.79009016 -11.79009016]
(4, 1) | 2 | 1x,02,14,0A, ` [0.27457698 0.72542302] ` [ 9.83466057 25.98283779]
(4, 1) | 2 | 1x,02,15,0A, ` [0.07461197 0.92538803] ` [ 3.51390922 43.58187654]
(4, 1) | 2 | 1x,03, ` [0.         0.         0.25855758 0.1821103  0.55933213 0.        ] ` [-3.06420295 -1.35433288  0.60847766  0.4285701   1.31630682 -0.23469015]
(4, 1) | 2 | 1x,03,13,0A, ` [0. 1.] ` [-4.96804649  3.26655544]
(4, 1) | 2 | 1x,03,14,0A, ` [0. 1.] ` [-7.36917269  4.98659961]
(4, 1) | 2 | 1x,03,15,0A, ` [0. 1.] ` [-3.20795532  1.62378514]
(4, 1) | 2 | 1x,04, ` [0.65100778 0.34899222 0.         0.         0.        ] ` [ 134.59475563   72.1535516   -52.82273777  -59.50519456 -106.33671381]
(4, 1) | 2 | 1x,04,14,0A, ` [1. 0.] ` [ 57.15365663 -48.94986701]
(4, 1) | 2 | 1x,04,15,0A, ` [1. 0.] ` [ 48.98884854 -42.5168902 ]
(4, 1) | 2 | 1x,05, ` [1. 0. 0. 0.] ` [ 42.10993696  -2.15160262 -57.4785271  -90.67468178]
(4, 1) | 2 | 1x,05,15,0A, ` [1. 0.] ` [ 11.0653849  -33.19615469]
(4, 1) | 2 | 1x,0A, ` [1. 0.] ` [ 101.24450952 -169.52568396]
(4, 1) | 2 | 11,01, ` [0.49070572 0.50929428 0.        ] ` [ 24.74818243  25.685675   -46.15163215]
(4, 1) | 2 | 11,02, ` [0.48187931 0.51812069 0.        ] ` [23.01883376 24.75004364 -1.1923716 ]
(4, 1) | 2 | 11,03, ` [0.10032321 0.30356531 0.59611148] ` [11.61424719 35.14324037 69.01081218]
(4, 1) | 2 | 11,04, ` [0.75 0.25 0.  ] ` [ 17.67180926   5.89060309 -23.56241234]
(4, 1) | 2 | 11,05, ` [0.73105862 0.26894138 0.        ] ` [ 13.94747346   5.13098773 -12.97373985]
(4, 1) | 2 | 11,0A, ` [1. 0.] ` [ 140. -420.]
(4, 1) | 2 | 12,02, ` [0.66897528 0.33102472 0.        ] ` [  36.17456765   17.90002746 -134.67570114]
(4, 1) | 2 | 12,03, ` [0.7132706 0.2867294 0.       ] ` [ 31.36976731  12.61040986 -96.33557334]
(4, 1) | 2 | 12,04, ` [1. 0. 0.] ` [  26.72202592  -27.44660568 -184.56563475]
(4, 1) | 2 | 12,05, ` [1. 0. 0.] ` [  32.82610906  -15.91242138 -109.28142771]
(4, 1) | 2 | 12,0A, ` [0.02066636 0.97933364] ` [ 1.00496617 47.62316244]
(4, 1) | 2 | 13,03, ` [1. 0. 0.] ` [ 20.94231073  -4.58873761 -81.18188262]
(4, 1) | 2 | 13,04, ` [1. 0. 0.] ` [  16.43704845  -24.60010274 -106.67440511]
(4, 1) | 2 | 13,05, ` [1. 0. 0.] ` [  50.42936054  -44.39515633 -177.14947994]
(4, 1) | 2 | 13,0A, ` [0.59784337 0.40215663] ` [32.72727273 22.01494674]
(4, 1) | 2 | 14,04, ` [1. 0. 0.] ` [  31.07092025  -39.10420288 -161.91066836]
(4, 1) | 2 | 14,05, ` [1. 0. 0.] ` [  31.32519103  -58.41381127 -166.10061402]
(4, 1) | 2 | 14,0A, ` [1. 0.] ` [  49.85184472 -219.74076162]
(4, 1) | 2 | 15,05, ` [1. 0. 0.] ` [  11.11111111  -77.95538952 -167.02189015]
(4, 1) | 2 | 15,0A, ` [1. 0.] ` [  88.88888889 -232.63138743]
(1, 3) | 2 | 1x, ` [0.         0.         0.         0.         0.30625777 0.41701334
 0.2767289 ] ` [-233.29187301 -138.96261147  -46.28281716  -22.36280762   44.16249784
   60.13349727   39.90442226]
(1, 3) | 2 | 1x,01,11, ` [0.33333333 0.33333333 0.33333333] ` [0. 0. 0.]
(1, 3) | 2 | 1x,01,12, ` [0.33333333 0.33333333 0.33333333] ` [0. 0. 0.]
(1, 3) | 2 | 1x,01,13, ` [0.  0.5 0.5] ` [-1.97479008  0.98739504  0.98739504]
(1, 3) | 2 | 1x,01,14, ` [0.33333333 0.33333333 0.33333333] ` [0. 0. 0.]
(1, 3) | 2 | 1x,01,15, ` [0.33333333 0.33333333 0.33333333] ` [0. 0. 0.]
(1, 3) | 2 | 1x,01,1A, ` [0. 1.] ` [-84.08554025  84.08554025]
(1, 3) | 2 | 1x,02,12, ` [0. 0. 1.] ` [-5.65232597 -1.22876651  6.88109248]
(1, 3) | 2 | 1x,02,13, ` [0. 0. 1.] ` [-3.80453216 -0.47556652  4.28009868]
(1, 3) | 2 | 1x,02,14, ` [0. 0. 1.] ` [-2.22180699 -0.08887228  2.31067927]
(1, 3) | 2 | 1x,02,15, ` [0.         0.03846154 0.96153846] ` [-1.19934291  0.04612857  1.15321434]
(1, 3) | 2 | 1x,02,1A, ` [0. 1.] ` [-180.11073417    1.42896115]
(1, 3) | 2 | 1x,03,13, ` [0.33333333 0.33333333 0.33333333] ` [0. 0. 0.]
(1, 3) | 2 | 1x,03,14, ` [0.33333333 0.33333333 0.33333333] ` [0. 0. 0.]
(1, 3) | 2 | 1x,03,15, ` [0. 0. 1.] ` [-79.87124409 -21.24061161  16.06979088]
(1, 3) | 2 | 1x,03,1A, ` [0. 1.] ` [-127.33439484    7.39615368]
(1, 3) | 2 | 1x,04,14, ` [0.33333333 0.33333333 0.33333333] ` [0. 0. 0.]
(1, 3) | 2 | 1x,04,15, ` [0. 0. 1.] ` [-10.76015919  -1.15896158   3.2723604 ]
(1, 3) | 2 | 1x,04,1A, ` [0. 1.] ` [-242.82524148    5.88424959]
(1, 3) | 2 | 1x,05,15, ` [0. 0. 1.] ` [-64.9506395   -3.83166971  16.07544008]
(1, 3) | 2 | 1x,05,1A, ` [0. 1.] ` [-305.71590013   35.05183526]
(1, 3) | 2 | 11, ` [0. 0. 0. 0. 0. 0. 0. 1.] ` [-268.75378346 -218.38413742 -207.1275337  -174.16195017 -169.61933469
 -174.42056104 -184.80287555  129.25336725]
(1, 3) | 2 | 11,01,1A, ` [0.11616838 0.88383162] ` [ 18.74007758 142.5781494 ]
(1, 3) | 2 | 11,02,1A, ` [0.07851131 0.92148869] ` [ 13.41032346 157.39721099]
(1, 3) | 2 | 11,03,1A, ` [0.0449056 0.9550944] ` [  8.0963374  172.20050451]
(1, 3) | 2 | 11,04,1A, ` [0.0395806 0.9604194] ` [  7.51184925 182.27430013]
(1, 3) | 2 | 11,05,1A, ` [0. 1.] ` [-16.25116393 170.76749035]
(1, 3) | 2 | 12, ` [0.16083187 0.07170438 0.0155588  0.18311832 0.21041687 0.28935841
 0.06901134] ` [26.3783845  11.76039063  2.55183228 30.03363298 34.51092787 47.45829981
 11.31870028]
(1, 3) | 2 | 12,02,1A, ` [0.89873933 0.10126067] ` [21.28575454  2.39825909]
(1, 3) | 2 | 12,03,1A, ` [1. 0.] ` [ 6.12374027 -6.12374027]
(1, 3) | 2 | 12,04,1A, ` [1. 0.] ` [ 5.39212372 -5.39212372]
(1, 3) | 2 | 12,05,1A, ` [0.5 0.5] ` [0. 0.]
(1, 3) | 2 | 13, ` [0.2879841  0.24682375 0.14046779 0.14642937 0.09611266 0.08218233] ` [24.93962255 21.37510736 12.16460797 12.6808843   8.32342245  7.1170466 ]
(1, 3) | 2 | 13,03,1A, ` [1. 0.] ` [ 5.73884188 -5.73884188]
(1, 3) | 2 | 13,04,1A, ` [1. 0.] ` [ 4.25320311 -4.25320311]
(1, 3) | 2 | 13,05,1A, ` [1. 0.] ` [ 4.10030047 -4.10030047]
(1, 3) | 2 | 14, ` [0.         0.         0.07692308 0.17307692 0.75      ] ` [-26.79529104 -11.90901824   2.97725456   6.69882276  29.02823196]
(1, 3) | 2 | 14,04,1A, ` [0.5 0.5] ` [0. 0.]
(1, 3) | 2 | 14,05,1A, ` [0.5 0.5] ` [0. 0.]
(1, 3) | 2 | 15, ` [0.         0.         0.28804921 0.71195079] ` [-47.91141507 -16.17065018  19.14157798  47.3108796 ]
(1, 3) | 2 | 15,05,1A, ` [0.36546885 0.63453115] ` [0.40961712 0.71118186]
(1, 3) | 2 | 1A, ` [0.21219321 0.78780679] ` [ 61.13092757 226.95995308]
