(2, 0) | 2 |  ` [0.37008453 0.46725718 0.16265829 0.         0.         0.
 0.        ] ` [ 198.04333086  250.04333086   87.04333086  -82.95666914 -220.95666914
 -376.95666914  -53.95666914]
(3, 0) | 2 | 1x, ` [0.         0.         0.09866832 0.18277251 0.33050291 0.32043972
 0.06761655] ` [-21.84060513 -18.78512005  17.13569676  31.74204626  57.39834018
  55.65066857  11.74294547]
(2, 0) | 2 | 1x,01, ` [0.47212497 0.35035586 0.16002917 0.01749    0.         0.
 0.         0.        ] ` [ 37.33372418  27.70471742  12.65445682   1.38303808  -6.73155126
 -11.66016974 -18.49862409 -18.55052792]
(3, 0) | 2 | 1x,01,11, ` [0.         0.39969738 0.60030262] ` [-0.13478054  3.98306961  5.98214357]
(2, 0) | 2 | 1x,01,11,0A, ` [0.80082078 0.19917922] ` [16.10087842  4.00459197]
(3, 0) | 2 | 1x,01,12, ` [0. 0. 1.] ` [-3.60188122 -1.43478183  3.06901631]
(2, 0) | 2 | 1x,01,12,0A, ` [1. 0.] ` [21.27641082 -2.74082838]
(3, 0) | 2 | 1x,01,13, ` [0. 0. 1.] ` [-3.69711663 -2.00231118  2.72508479]
(2, 0) | 2 | 1x,01,13,0A, ` [1. 0.] ` [23.35076353 -5.79540736]
(3, 0) | 2 | 1x,01,14, ` [0. 0. 1.] ` [-2.39856714 -1.70416018  3.00703458]
(2, 0) | 2 | 1x,01,14,0A, ` [1. 0.] ` [21.6988702  -4.08712746]
(3, 0) | 2 | 1x,01,15, ` [0. 0. 1.] ` [-1.62237372 -1.92209263  2.93107659]
(2, 0) | 2 | 1x,01,15,0A, ` [0.86861422 0.13138578] ` [21.49165231  3.25080745]
(3, 0) | 2 | 1x,01,1A, ` [0. 1.] ` [-5.5154623   7.73107279]
(2, 0) | 2 | 1x,02, ` [0.47995875 0.36098251 0.         0.         0.         0.14926242
 0.00979631] ` [ 31.44743982  23.65198191  -1.82688704  -7.50233    -10.37304945
   9.7798427    0.64186524]
(3, 0) | 2 | 1x,02,12, ` [0. 0. 1.] ` [-9.52827072 -5.02151482  2.88692209]
(2, 0) | 2 | 1x,02,12,0A, ` [0.84912301 0.15087699] ` [21.82312491  3.87765641]
(3, 0) | 2 | 1x,02,13, ` [0. 0. 1.] ` [-8.83056678 -5.45419013  2.24381825]
(2, 0) | 2 | 1x,02,13,0A, ` [0.76713879 0.23286121] ` [22.95136046  6.96677256]
(3, 0) | 2 | 1x,02,14, ` [0. 0. 1.] ` [-8.56680829 -5.81319612  2.18257675]
(2, 0) | 2 | 1x,02,14,0A, ` [0.68346578 0.31653422] ` [21.59216049 10.        ]
(3, 0) | 2 | 1x,02,15, ` [0.34003459 0.34034861 0.31961679] ` [16.23148007 16.24646972 15.2568405 ]
(2, 0) | 2 | 1x,02,15,0A, ` [0.4301511 0.5698489] ` [ 7.90796456 10.47619048]
(3, 0) | 2 | 1x,02,1A, ` [0. 1.] ` [-58.42226367  10.0360975 ]
(2, 0) | 2 | 1x,03, ` [0.57317241 0.4241399  0.         0.         0.         0.0026877 ] ` [ 29.08612766  21.52334463 -17.65828277 -14.49005875  -3.31468464
   0.13638948]
(3, 0) | 2 | 1x,03,13, ` [0. 0. 1.] ` [-3.03774584 -2.8935826   1.53629492]
(2, 0) | 2 | 1x,03,13,0A, ` [0.54834191 0.45165809] ` [17.87024708 14.71935964]
(3, 0) | 2 | 1x,03,14, ` [0. 0. 1.] ` [-0.55000828 -2.72775205  1.43481483]
(2, 0) | 2 | 1x,03,14,0A, ` [0.41318603 0.58681397] ` [10.71205519 15.21344638]
(3, 0) | 2 | 1x,03,15, ` [0. 0. 1.] ` [-0.23735409 -0.175724    5.32009057]
(2, 0) | 2 | 1x,03,15,0A, ` [0. 1.] ` [-0.15983113 14.25987806]
(3, 0) | 2 | 1x,03,1A, ` [0. 1.] ` [-83.71037866  14.78046357]
(2, 0) | 2 | 1x,04, ` [0.43620764 0.32974125 0.01662401 0.01308754 0.20433956] ` [70.48324224 53.2802049   2.68613792  2.11470935 33.01756697]
(3, 0) | 2 | 1x,04,14, ` [0. 0. 1.] ` [-47.19841686 -19.0742384    5.14105617]
(2, 0) | 2 | 1x,04,14,0A, ` [0. 1.] ` [-158.51758689   10.95238095]
(3, 0) | 2 | 1x,04,15, ` [0. 0. 1.] ` [-47.32191945 -18.06623995   4.93088686]
(2, 0) | 2 | 1x,04,15,0A, ` [0. 1.] ` [-187.60137258   11.42857143]
(3, 0) | 2 | 1x,04,1A, ` [0. 1.] ` [-47.34999867  18.79547239]
(2, 0) | 2 | 1x,05, ` [0.48348865 0.30660691 0.         0.20990444] ` [36.85854347 23.37404255 -6.02353074 16.00197189]
(3, 0) | 2 | 1x,05,15, ` [0. 0. 1.] ` [-5.09565384 -7.54161407  3.56766382]
(2, 0) | 2 | 1x,05,15,0A, ` [0. 1.] ` [-118.70312423   11.9047619 ]
(3, 0) | 2 | 1x,05,1A, ` [0. 1.] ` [-151.6192578    28.36907611]
(2, 0) | 2 | 1x,0A, ` [0.91622207 0.08377793] ` [244.30105283  22.33851093]
(3, 0) | 2 | 11, ` [0.         0.         0.16940296 0.10904854 0.16612153 0.19946636
 0.18768678 0.16827383] ` [-23.93985894 -20.73092315  22.13888298  14.25130361  21.71004043
  26.06780025  24.52835435  21.99132081]
(2, 0) | 2 | 11,01, ` [0.42890518 0.49056777 0.08052705] ` [34.0306228  38.92311756  6.38925741]
(3, 0) | 2 | 11,01,1A, ` [0. 1.] ` [-60.0682074  24.0388242]
(2, 0) | 2 | 11,02, ` [0.30415158 0.43912825 0.25672017] ` [11.02629977 15.91956131  9.30678563]
(3, 0) | 2 | 11,02,1A, ` [0. 1.] ` [-57.38920181  26.83231332]
(2, 0) | 2 | 11,03, ` [0.28551209 0.40056109 0.31392682] ` [10.60478635 14.87805571 11.66019598]
(3, 0) | 2 | 11,03,1A, ` [0. 1.] ` [-80.55319815  34.12738769]
(2, 0) | 2 | 11,04, ` [0.         0.12755666 0.87244334] ` [-5.92772955  1.93931019 13.26420978]
(3, 0) | 2 | 11,04,1A, ` [0. 1.] ` [-106.53532186   42.38358144]
(2, 0) | 2 | 11,05, ` [0. 0. 1.] ` [-9.6068681  -1.15990991 13.84009009]
(3, 0) | 2 | 11,05,1A, ` [0. 1.] ` [-122.8888437    47.35595065]
(2, 0) | 2 | 11,0A, ` [1. 0.] ` [201.91566753 -66.51570402]
(3, 0) | 2 | 12, ` [0.         0.         0.12002885 0.09021965 0.03105855 0.
 0.75869295] ` [-20.97362813 -15.69991028   6.17100865   4.63843663   1.59680434
  -3.37014257  39.00646201]
(2, 0) | 2 | 12,02, ` [0.         0.20864268 0.79135732] ` [-14.52780102   4.26507276  16.17692294]
(3, 0) | 2 | 12,02,1A, ` [0. 1.] ` [-57.2891984  45.3818537]
(2, 0) | 2 | 12,03, ` [0.         0.10526316 0.89473684] ` [-15.97140171   1.9047619   16.19047619]
(3, 0) | 2 | 12,03,1A, ` [0. 1.] ` [-72.76232959  55.20846813]
(2, 0) | 2 | 12,04, ` [0. 0. 1.] ` [-17.10504033  -0.22067364  16.92218351]
(3, 0) | 2 | 12,04,1A, ` [0. 1.] ` [-89.76017444  65.01085764]
(2, 0) | 2 | 12,05, ` [0. 0. 1.] ` [-17.71126427  -1.86147186  18.13852814]
(3, 0) | 2 | 12,05,1A, ` [0. 1.] ` [-96.77678658  68.22260787]
(2, 0) | 2 | 12,0A, ` [1. 0.] ` [ 292.77343215 -289.55208334]
(3, 0) | 2 | 13, ` [0. 0. 0. 0. 0. 1.] ` [-79.67992558 -62.91857921 -30.17997396 -32.56883509 -35.41958965
  47.50058638]
(2, 0) | 2 | 13,03, ` [0.         0.04545455 0.95454545] ` [-20.72549853   1.          21.        ]
(3, 0) | 2 | 13,03,1A, ` [0. 1.] ` [-116.33440434   64.53486586]
(2, 0) | 2 | 13,04, ` [0. 0. 1.] ` [-20.83333333  -0.83333333  22.5       ]
(3, 0) | 2 | 13,04,1A, ` [0. 1.] ` [-130.98250016   70.8559054 ]
(2, 0) | 2 | 13,05, ` [0. 0. 1.] ` [-22.25490196  -2.25490196  24.41176471]
(3, 0) | 2 | 13,05,1A, ` [0. 1.] ` [-141.10928244   74.09734511]
(2, 0) | 2 | 13,0A, ` [1. 0.] ` [318.9133979 -47.8548546]
(3, 0) | 2 | 14, ` [0. 0. 0. 0. 1.] ` [-94.20670019 -67.45489648 -18.27653394 -21.2391125   54.45257918]
(2, 0) | 2 | 14,04, ` [0. 0. 1.] ` [-35.05658072  -1.55384963  30.8969697 ]
(3, 0) | 2 | 14,04,1A, ` [0. 1.] ` [-173.73080321   63.01569607]
(2, 0) | 2 | 14,05, ` [0. 0. 1.] ` [-34.3908046  -2.3908046  33.6091954]
(3, 0) | 2 | 14,05,1A, ` [0. 1.] ` [-182.71525965   65.37953131]
(2, 0) | 2 | 14,0A, ` [0.82671488 0.17328512] ` [316.85924421  66.41587275]
(3, 0) | 2 | 15, ` [0. 0. 0. 1.] ` [-35.90395167 -29.14658267  -4.44219399  41.51101246]
(2, 0) | 2 | 15,05, ` [0. 0. 1.] ` [-58.82520665  -2.24358974  47.75641026]
(3, 0) | 2 | 15,05,1A, ` [0. 1.] ` [-212.94979764   39.12939625]
(2, 0) | 2 | 15,0A, ` [0.71295104 0.28704896] ` [268.15696838 107.96558915]
(3, 0) | 2 | 1A, ` [0.53390346 0.46609654] ` [304.85793409 266.14030037]
(2, 1) | 2 |  ` [0.15430653 0.19802238 0.18527192 0.15612802 0.12151965 0.07233932
 0.11241218] ` [ 84.71428571 108.71428571 101.71428571  85.71428571  66.71428571
  39.71428571  61.71428571]
(4, 0) | 2 | 1x, ` [0.         0.         0.         0.         0.53013301 0.46986699
 0.        ] ` [-73.31214302 -73.11063292 -53.67506828 -16.91656278  64.41394574
  57.09130809 -57.55771065]
(2, 1) | 2 | 1x,01, ` [0. 0. 0. 0. 0. 0. 0. 1.] ` [-2.06451343 -0.09553698 -0.8359695  -0.58503135 -0.23564438 -0.25115616
 -0.22225961 13.73170649]
(4, 0) | 2 | 1x,01,11, ` [0.         0.21175651 0.78824349] ` [-4.22515777  2.30571324  8.58279823]
(2, 1) | 2 | 1x,01,11,0A, ` [0. 1.] ` [-1.77674944  8.0952381 ]
(4, 0) | 2 | 1x,01,12, ` [0. 0. 1.] ` [-5.77449529 -2.06607816  5.59587206]
(2, 1) | 2 | 1x,01,12,0A, ` [0. 1.] ` [-2.74505693  8.57142857]
(4, 0) | 2 | 1x,01,13, ` [0. 0. 1.] ` [-5.09107965 -0.52348702  5.33189366]
(2, 1) | 2 | 1x,01,13,0A, ` [0. 1.] ` [-3.68997007  9.04761905]
(4, 0) | 2 | 1x,01,14, ` [0.         0.02858654 0.97141346] ` [-4.43774692  0.16191987  5.50227914]
(2, 1) | 2 | 1x,01,14,0A, ` [0. 1.] ` [-4.47345152  9.52380952]
(4, 0) | 2 | 1x,01,15, ` [0. 0. 1.] ` [-5.84789718 -0.52480821  6.1109598 ]
(2, 1) | 2 | 1x,01,15,0A, ` [0. 1.] ` [-5.31912298 10.        ]
(4, 0) | 2 | 1x,01,1A, ` [0.23065391 0.76934609] ` [2.65514947 8.85625073]
(2, 1) | 2 | 1x,02, ` [0.         0.         0.         0.02405063 0.05949367 0.08607595
 0.83037975] ` [-10.89795918  -5.18367347  -0.04081633   0.3877551    0.95918367
   1.3877551   13.3877551 ]
(4, 0) | 2 | 1x,02,12, ` [0. 0. 1.] ` [-9.29942766 -0.97508712  7.13257263]
(2, 1) | 2 | 1x,02,12,0A, ` [0. 1.] ` [-9.04761905  9.04761905]
(4, 0) | 2 | 1x,02,13, ` [0. 0. 1.] ` [-8.41962832 -0.39421695  7.04927324]
(2, 1) | 2 | 1x,02,13,0A, ` [0. 1.] ` [-9.52380952  9.52380952]
(4, 0) | 2 | 1x,02,14, ` [0.         0.00472825 0.99527175] ` [-8.39418723  0.03534489  7.43990596]
(2, 1) | 2 | 1x,02,14,0A, ` [0. 1.] ` [-10.  10.]
(4, 0) | 2 | 1x,02,15, ` [0.24327698 0.39896492 0.3577581 ] ` [ 8.73001048 14.31688258 12.8381732 ]
(2, 1) | 2 | 1x,02,15,0A, ` [0. 1.] ` [-10.47619048  10.47619048]
(4, 0) | 2 | 1x,02,1A, ` [0. 1.] ` [-46.07527658  19.71221123]
(2, 1) | 2 | 1x,03, ` [0.         0.18571864 0.05352586 0.06300514 0.079351   0.61839936] ` [-2.41403374  3.95661422  1.14033344  1.34228325  1.69052113 13.17459406]
(4, 0) | 2 | 1x,03,13, ` [0.         0.07202471 0.92797529] ` [-7.62453259  0.64935104  8.36631946]
(2, 1) | 2 | 1x,03,13,0A, ` [0. 1.] ` [-4.98160007 10.        ]
(4, 0) | 2 | 1x,03,14, ` [0. 0. 1.] ` [-8.72897291 -1.30893969  5.67470594]
(2, 1) | 2 | 1x,03,14,0A, ` [0. 1.] ` [-6.08143734 10.47619048]
(4, 0) | 2 | 1x,03,15, ` [0. 0. 1.] ` [-18.19591765  -3.78723957   4.81790458]
(2, 1) | 2 | 1x,03,15,0A, ` [0. 1.] ` [-7.18076309 10.95238095]
(4, 0) | 2 | 1x,03,1A, ` [0. 1.] ` [-77.67225453  27.23433896]
(2, 1) | 2 | 1x,04, ` [0.45188446 0.37682626 0.         0.         0.17128928] ` [ 26.00710473  21.68731328 -15.83587058 -15.65769428   9.85813543]
(4, 0) | 2 | 1x,04,14, ` [0. 0. 1.] ` [-81.45179798 -23.78030727   4.68186032]
(2, 1) | 2 | 1x,04,14,0A, ` [0.56402075 0.43597925] ` [14.16895437 10.95238095]
(4, 0) | 2 | 1x,04,15, ` [0. 0. 1.] ` [-84.30041664 -21.69492004   4.65800866]
(2, 1) | 2 | 1x,04,15,0A, ` [0.46613103 0.53386897] ` [ 9.97850032 11.42857143]
(4, 0) | 2 | 1x,04,1A, ` [0. 1.] ` [-83.33498319  22.31230306]
(2, 1) | 2 | 1x,05, ` [0.3394931  0.35730229 0.         0.30320461] ` [13.86216047 14.58934422 -9.09692485 12.38043125]
(4, 0) | 2 | 1x,05,15, ` [0. 0. 1.] ` [-56.48729897 -13.51788771   4.88095238]
(2, 1) | 2 | 1x,05,15,0A, ` [0.04219886 0.95780114] ` [ 0.52450066 11.9047619 ]
(4, 0) | 2 | 1x,05,1A, ` [0. 1.] ` [-183.0651067   37.7802472]
(2, 1) | 2 | 1x,0A, ` [1. 0.] ` [253.3258443  -74.94845878]
(4, 0) | 2 | 11, ` [0.         0.         0.15920528 0.09291676 0.12475927 0.18080365
 0.18175151 0.26056354] ` [-9.55223763 -7.90471829 18.55958558 10.83190591 14.5439915  21.07744625
 21.18794441 30.37557039]
(2, 1) | 2 | 11,01, ` [0.         0.07342489 0.92657511] ` [-5.83215395  1.05657769 13.33333333]
(4, 0) | 2 | 11,01,1A, ` [0. 1.] ` [-41.40981834  32.34913672]
(2, 1) | 2 | 11,02, ` [0. 0. 1.] ` [-11.66666667  -1.66666667  13.33333333]
(4, 0) | 2 | 11,02,1A, ` [0. 1.] ` [-43.74008918  26.80824186]
(2, 1) | 2 | 11,03, ` [0.        0.3517703 0.6482297] ` [-3.17753623  7.23550725 13.33333333]
(4, 0) | 2 | 11,03,1A, ` [0. 1.] ` [-61.17514708  29.77478033]
(2, 1) | 2 | 11,04, ` [0.07982174 0.45406589 0.46611237] ` [ 2.16069906 12.29113384 12.6172208 ]
(4, 0) | 2 | 11,04,1A, ` [0. 1.] ` [-106.57993912   32.3794442 ]
(2, 1) | 2 | 11,05, ` [0.20252851 0.46413815 0.33333333] ` [ 6.81600078 15.62034861 11.2181747 ]
(4, 0) | 2 | 11,05,1A, ` [0. 1.] ` [-130.48559565   33.01641495]
(2, 1) | 2 | 11,0A, ` [1. 0.] ` [218.27556857 -78.23139153]
(4, 0) | 2 | 12, ` [0.05371899 0.07086155 0.21467351 0.17454263 0.12898934 0.07930382
 0.27791017] ` [ 4.95660252  6.53833099 19.80773117 16.10489129 11.90173004  7.31729158
 25.64252054]
(2, 1) | 2 | 12,02, ` [0.         0.03905972 0.96094028] ` [-16.41696016   0.65788354  16.18513228]
(4, 0) | 2 | 12,02,1A, ` [0. 1.] ` [-57.88761473  21.52050609]
(2, 1) | 2 | 12,03, ` [0.         0.28359031 0.71640969] ` [-12.34840265   6.20855937  15.68414708]
(4, 0) | 2 | 12,03,1A, ` [0. 1.] ` [-69.67145881  23.12119087]
(2, 1) | 2 | 12,04, ` [0.         0.45958227 0.54041773] ` [-5.88379717 12.21385201 14.36213411]
(4, 0) | 2 | 12,04,1A, ` [0. 1.] ` [-82.12648875  24.60173569]
(2, 1) | 2 | 12,05, ` [0.         0.54116678 0.45883322] ` [-1.70266864 15.40402214 13.06044167]
(4, 0) | 2 | 12,05,1A, ` [0. 1.] ` [-90.86508053  25.04281267]
(2, 1) | 2 | 12,0A, ` [1. 0.] ` [204.72782655 -79.18942668]
(4, 0) | 2 | 13, ` [0.         0.         0.16893974 0.08737613 0.04468291 0.69900121] ` [-42.24421104 -31.12693862  10.53383058   5.44812817   2.78609505
  43.58453594]
(2, 1) | 2 | 13,03, ` [0.         0.33374961 0.66625039] ` [-18.68141593   9.46017699  18.88495575]
(4, 0) | 2 | 13,03,1A, ` [0. 1.] ` [-115.19447438   23.44000655]
(2, 1) | 2 | 13,04, ` [0.         0.43396226 0.56603774] ` [-15.16224189  13.56932153  17.69911504]
(4, 0) | 2 | 13,04,1A, ` [0. 1.] ` [-123.59562948   24.33717919]
(2, 1) | 2 | 13,05, ` [0.         0.50155584 0.49844416] ` [-11.61808086  16.64150616  16.53826132]
(4, 0) | 2 | 13,05,1A, ` [0. 1.] ` [-131.13377975   24.86646037]
(2, 1) | 2 | 13,0A, ` [1. 0.] ` [186.16972357 -68.82203109]
(4, 0) | 2 | 14, ` [0.         0.         0.02241406 0.         0.97758594] ` [-62.34006139 -42.03004937   1.04028049  -6.02110681  45.37167975]
(2, 1) | 2 | 14,04, ` [0.         0.44638502 0.55361498] ` [-24.14411135  17.94323278  22.25352987]
(4, 0) | 2 | 14,04,1A, ` [0. 1.] ` [-171.20094685   28.57103614]
(2, 1) | 2 | 14,05, ` [0.         0.48773179 0.51226821] ` [-22.34111976  20.51909529  21.55135336]
(4, 0) | 2 | 14,05,1A, ` [0. 1.] ` [-167.29028919   28.5710922 ]
(2, 1) | 2 | 14,0A, ` [1. 0.] ` [169.9946329  -48.65926638]
(4, 0) | 2 | 15, ` [0.         0.         0.17720705 0.82279295] ` [-55.15718105 -26.6114661    9.64130008  44.76567809]
(2, 1) | 2 | 15,05, ` [0.         0.48775895 0.51224105] ` [-36.21794872  27.67094017  29.05982906]
(4, 0) | 2 | 15,05,1A, ` [0. 1.] ` [-206.04620289   29.01216919]
(2, 1) | 2 | 15,0A, ` [1. 0.] ` [157.65537422 -26.35385757]
(4, 0) | 2 | 1A, ` [0. 1.] ` [-111.79512765  171.42857143]
(1, 0) | 2 | 1x, ` [0.91849224 0.06405331 0.01745445 0.         0.         0.
 0.        ] ` [ 54.70320716   3.81486225   1.03954527  -1.32197063 -26.11187509
 -29.21230132  -3.30766583]
(1, 0) | 2 | 1x,01,11, ` [0.65 0.35 0.  ] ` [ 0.18953346  0.10205648 -0.29158993]
(1, 0) | 2 | 1x,01,12, ` [0.07825079 0.32431311 0.5974361 ] ` [0.18672805 0.77390088 1.42564795]
(1, 0) | 2 | 1x,01,13, ` [0.         0.32737825 0.67262175] ` [-1.00951249  6.52590319 13.40792936]
(1, 0) | 2 | 1x,01,14, ` [0.07914386 0.3968461  0.52401004] ` [ 1.89111556  9.48250257 12.52104174]
(1, 0) | 2 | 1x,01,15, ` [0.14753776 0.41288514 0.4395771 ] ` [ 4.15568266 11.62969778 12.38152776]
(1, 0) | 2 | 1x,01,1A, ` [1. 0.] ` [ 31.35019659 -14.29915259]
(1, 0) | 2 | 1x,02,12, ` [0.         0.04239448 0.95760552] ` [-9.75936354  0.43438986  9.81198838]
(1, 0) | 2 | 1x,02,13, ` [0.0049781  0.40943288 0.58558902] ` [ 0.13064592 10.74520239 15.36826404]
(1, 0) | 2 | 1x,02,14, ` [0.07259761 0.42565799 0.5017444 ] ` [ 2.25748157 13.23617996 15.60214834]
(1, 0) | 2 | 1x,02,15, ` [1. 0. 0.] ` [ 1.80338757 -0.13979571 -2.14917836]
(1, 0) | 2 | 1x,02,1A, ` [1. 0.] ` [ 30.79979201 -10.20747794]
(1, 0) | 2 | 1x,03,13, ` [0.014053   0.44800824 0.53793876] ` [ 0.28709965  9.15271143 10.9899725 ]
(1, 0) | 2 | 1x,03,14, ` [0.         0.42890404 0.57109596] ` [-0.79448379  9.35328156 12.45411769]
(1, 0) | 2 | 1x,03,15, ` [0.03619264 0.44038838 0.52341898] ` [ 0.92958057 11.31104251 13.44362076]
(1, 0) | 2 | 1x,03,1A, ` [1. 0.] ` [ 24.19781382 -24.31161321]
(1, 0) | 2 | 1x,04,14, ` [0.26607367 0.5018659  0.23206043] ` [ 9.45547269 17.83483206  8.24674246]
(1, 0) | 2 | 1x,04,15, ` [0.28969616 0.45979345 0.25051039] ` [12.23635177 19.42101828 10.58120077]
(1, 0) | 2 | 1x,04,1A, ` [0.62081222 0.37918778] ` [19.46202945 11.88727228]
(1, 0) | 2 | 1x,05,15, ` [0.14014747 0.44444179 0.41541074] ` [ 8.1847876  25.95595695 24.26050749]
(1, 0) | 2 | 1x,05,1A, ` [0.71210107 0.28789893] ` [31.4730821  12.72441121]
(1, 0) | 2 | 11, ` [0.53398471 0.46601529 0.         0.         0.         0.
 0.         0.        ] ` [10.01552147  8.74067387 -0.82068314 -1.45810694 -2.09553074 -2.73295455
 -2.54172741 -9.10719255]
(1, 0) | 2 | 11,01,1A, ` [1. 0.] ` [ 8.28650941 -8.28650941]
(1, 0) | 2 | 11,02,1A, ` [1. 0.] ` [ 7.64908561 -7.64908561]
(1, 0) | 2 | 11,03,1A, ` [1. 0.] ` [ 7.01166181 -7.01166181]
(1, 0) | 2 | 11,04,1A, ` [1. 0.] ` [ 6.37423801 -6.37423801]
(1, 0) | 2 | 11,05,1A, ` [1. 0.] ` [ 4.96156904 -4.96156904]
(1, 0) | 2 | 12, ` [0.84415082 0.15584918 0.         0.         0.         0.
 0.        ] ` [  28.35724568    5.23538389  -13.82239507  -20.03167283  -26.50201605
  -33.68093854 -145.05671774]
(1, 0) | 2 | 12,02,1A, ` [1. 0.] ` [ 13.94835485 -46.76603441]
(1, 0) | 2 | 12,03,1A, ` [1. 0.] ` [ 11.67924449 -41.51349864]
(1, 0) | 2 | 12,04,1A, ` [1. 0.] ` [  9.74219907 -36.59302779]
(1, 0) | 2 | 12,05,1A, ` [1. 0.] ` [  8.0692962  -31.93669951]
(1, 0) | 2 | 13, ` [1. 0. 0. 0. 0. 0.] ` [  4.86454782 -13.12775205 -24.04366382 -29.09158169 -34.14557488
 -85.09695153]
(1, 0) | 2 | 13,03,1A, ` [1. 0.] ` [  0.43742406 -32.22475861]
(1, 0) | 2 | 13,04,1A, ` [1. 0.] ` [  0.36452005 -27.27139952]
(1, 0) | 2 | 13,05,1A, ` [1. 0.] ` [  0.30019298 -22.80256879]
(1, 0) | 2 | 14, ` [0.64289812 0.35710188 0.         0.         0.        ] ` [ 39.75863641  22.08418966 -32.733157   -36.9089499  -46.44179877]
(1, 0) | 2 | 14,04,1A, ` [0.57484969 0.42515031] ` [22.11851626 16.35852711]
(1, 0) | 2 | 14,05,1A, ` [0.47854355 0.52145645] ` [19.03422419 20.74109879]
(1, 0) | 2 | 15, ` [0.83195067 0.16804933 0.         0.        ] ` [  59.06353172   11.93049922  -70.00898479 -105.95761301]
(1, 0) | 2 | 15,05,1A, ` [0.46412741 0.53587259] ` [24.08999005 27.81383943]
(1, 0) | 2 | 1A, ` [0. 1.] ` [-342.85595777  153.36286089]
(3, 0) | 2 |  ` [0.26926876 0.         0.         0.         0.         0.27826028
 0.45247095] ` [ 239.57578966 -107.42421034  -90.42421034   -5.42421034  -62.42421034
  247.57578966  402.57578966]
(2, 0) | 2 | 1x, ` [0.02410199 0.         0.         0.         0.4658164  0.
 0.51008161] ` [   4.928664    -67.58124297  -82.83505125  -96.27891317   95.25572976
 -136.25523828  104.307611  ]
(3, 0) | 2 | 1x,01, ` [0.08881064 0.15209231 0.35925542 0.         0.         0.
 0.         0.39984163] ` [  4.25036331   7.2789429   17.193504    -8.21986274 -14.41524402
 -10.74942077  -7.77055702  19.13590815]
(2, 0) | 2 | 1x,01,11, ` [0.         0.74008331 0.25991669] ` [-1.60212011 10.92150254  3.8356234 ]
(3, 0) | 2 | 1x,01,11,0A, ` [0. 1.] ` [-16.26773825   8.0952381 ]
(2, 0) | 2 | 1x,01,12, ` [0.28499088 0.38472736 0.33028176] ` [2.72032468 3.6723398  3.15263991]
(3, 0) | 2 | 1x,01,12,0A, ` [0.23901573 0.76098427] ` [2.69217946 8.57142857]
(2, 0) | 2 | 1x,01,13, ` [0.51682324 0.2042082  0.27896856] ` [5.7716795  2.28051726 3.11541161]
(3, 0) | 2 | 1x,01,13,0A, ` [0.2946281 0.7053719] ` [3.77911689 9.04761905]
(2, 0) | 2 | 1x,01,14, ` [0.46121025 0.10844833 0.43034143] ` [5.49470747 1.29201777 5.12694647]
(3, 0) | 2 | 1x,01,14,0A, ` [0. 1.] ` [-3.90220395  9.52380952]
(2, 0) | 2 | 1x,01,15, ` [0.53530703 0.         0.46469297] ` [ 6.73149689 -0.72506153  5.84352356]
(3, 0) | 2 | 1x,01,15,0A, ` [0. 1.] ` [-10.77686505  10.        ]
(2, 0) | 2 | 1x,01,1A, ` [1. 0.] ` [ 33.78556642 -42.07271167]
(3, 0) | 2 | 1x,02, ` [0.         0.04557445 0.         0.         0.         0.70878502
 0.24564053] ` [ -3.48351127   2.7468188  -38.76643389 -36.6479318  -30.35786949
  42.71920014  14.80500693]
(2, 0) | 2 | 1x,02,12, ` [0.30434352 0.25011989 0.4455366 ] ` [4.99198722 4.10258548 7.30790335]
(3, 0) | 2 | 1x,02,12,0A, ` [0.24131767 0.75868233] ` [11.76840026 36.99885397]
(2, 0) | 2 | 1x,02,13, ` [0.64565681 0.24447084 0.10987235] ` [8.9977757  3.40690867 1.53116439]
(3, 0) | 2 | 1x,02,13,0A, ` [0.06053441 0.93946559] ` [ 2.35288256 36.51563126]
(2, 0) | 2 | 1x,02,14, ` [0.67712298 0.10434242 0.2185346 ] ` [10.044055    1.54775581  3.24161729]
(3, 0) | 2 | 1x,02,14,0A, ` [0. 1.] ` [-10.40994045  32.80742888]
(2, 0) | 2 | 1x,02,15, ` [0.         0.39977145 0.60022855] ` [-11.49652256  17.88814423  26.85778328]
(3, 0) | 2 | 1x,02,15,0A, ` [0. 1.] ` [-60.86098218  10.47619048]
(2, 0) | 2 | 1x,02,1A, ` [1. 0.] ` [ 36.49221192 -31.59306857]
(3, 0) | 2 | 1x,03, ` [0.17805378 0.29338244 0.         0.         0.38734303 0.14122075] ` [ 13.82651123  22.78219363 -25.01029251 -17.50832445  30.07856829
  10.96629507]
(2, 0) | 2 | 1x,03,13, ` [0.30624509 0.18972336 0.50403155] ` [4.11392137 2.54863517 6.77087167]
(3, 0) | 2 | 1x,03,13,0A, ` [0.09988003 0.90011997] ` [ 3.56849917 32.15935517]
(2, 0) | 2 | 1x,03,14, ` [0.31470959 0.         0.68529041] ` [ 2.74860527 -0.86721478  5.98517778]
(3, 0) | 2 | 1x,03,14,0A, ` [0. 1.] ` [-9.62656118 28.24644131]
(2, 0) | 2 | 1x,03,15, ` [0.6252058  0.14185793 0.23293628] ` [14.56186918  3.30405863  5.42539369]
(3, 0) | 2 | 1x,03,15,0A, ` [0. 1.] ` [-54.10179838  10.95238095]
(2, 0) | 2 | 1x,03,1A, ` [1. 0.] ` [ 46.06639874 -15.04365768]
(3, 0) | 2 | 1x,04, ` [0.         0.15362016 0.00749763 0.25067089 0.58821133] ` [-17.6769668   45.70604338   2.23074278  74.58119107 175.00836317]
(2, 0) | 2 | 1x,04,14, ` [0. 0. 1.] ` [-112.62268473  -41.29400487    7.31165463]
(3, 0) | 2 | 1x,04,14,0A, ` [0. 1.] ` [-340.68379707  163.35480521]
(2, 0) | 2 | 1x,04,15, ` [0. 0. 1.] ` [-112.90617358  -40.86915686    4.65800866]
(3, 0) | 2 | 1x,04,15,0A, ` [0. 1.] ` [-455.02165338   94.96200778]
(2, 0) | 2 | 1x,04,1A, ` [0. 1.] ` [-21.06764486  66.81762043]
(3, 0) | 2 | 1x,05, ` [0.         0.18181476 0.37172746 0.44645778] ` [ -4.09525503  47.1903633   96.48255981 115.87895448]
(2, 0) | 2 | 1x,05,15, ` [0. 0. 1.] ` [-12.70292027 -16.93570479   4.88095238]
(3, 0) | 2 | 1x,05,15,0A, ` [0. 1.] ` [-403.79577485   11.9047619 ]
(2, 0) | 2 | 1x,05,1A, ` [0.34161409 0.65838591] ` [42.90646291 82.69275622]
(3, 0) | 2 | 1x,0A, ` [0. 1.] ` [-385.72797183   21.42857143]
(2, 0) | 2 | 11, ` [0.09978494 0.18341426 0.         0.         0.         0.37020967
 0.31570521 0.03088593] ` [ 14.29393065  26.27361171 -16.02664315 -11.68827777 -16.27076091
  53.03156427  45.22394331   4.42432783]
(3, 0) | 2 | 11,01, ` [0.         0.54338189 0.45661811] ` [-0.43957878 40.16977887 33.75572292]
(2, 0) | 2 | 11,01,1A, ` [1. 0.] ` [37.26876647 -5.40681723]
(3, 0) | 2 | 11,02, ` [0.         0.37282821 0.62717179] ` [-1.49977666 25.23876492 42.45666208]
(2, 0) | 2 | 11,02,1A, ` [0.20535962 0.79464038] ` [13.68851187 52.96778629]
(3, 0) | 2 | 11,03, ` [0.         0.33026253 0.66973747] ` [-14.72422723  29.87661296  60.58660959]
(2, 0) | 2 | 11,03,1A, ` [0.00452449 0.99547551] ` [ 0.30409878 66.90765587]
(3, 0) | 2 | 11,04, ` [0.         0.10450859 0.89549141] ` [-62.89532362   9.27191133  79.44722304]
(2, 0) | 2 | 11,04,1A, ` [0. 1.] ` [-176.78060537  144.66998062]
(3, 0) | 2 | 11,05, ` [0.         0.13996277 0.86003723] ` [-71.42983607  12.99427626  79.8466747 ]
(2, 0) | 2 | 11,05,1A, ` [0. 1.] ` [-231.15853988  175.27270753]
(3, 0) | 2 | 11,0A, ` [0. 1.] ` [-44.78284154 119.93261131]
(2, 0) | 2 | 12, ` [0.2374141  0.27051561 0.         0.         0.         0.
 0.49207028] ` [ 16.02990788  18.26488086  -5.3838696   -9.23994821 -10.27672076
  -8.89858789  33.22397939]
(3, 0) | 2 | 12,02, ` [0. 0. 1.] ` [-76.21904435  -1.50795787  50.26050788]
(2, 0) | 2 | 12,02,1A, ` [0. 1.] ` [-33.94148181  59.67150714]
(3, 0) | 2 | 12,03, ` [0. 0. 1.] ` [-88.27148812  -5.99493907  44.302719  ]
(2, 0) | 2 | 12,03,1A, ` [0. 1.] ` [-55.47533561  67.1212546 ]
(3, 0) | 2 | 12,04, ` [0. 0. 1.] ` [-97.67800429 -10.56055757  38.1666945 ]
(2, 0) | 2 | 12,04,1A, ` [0. 1.] ` [-83.4742986   71.88261839]
(3, 0) | 2 | 12,05, ` [0. 0. 1.] ` [-79.39209481  -0.08058971  33.10320415]
(2, 0) | 2 | 12,05,1A, ` [0. 1.] ` [-104.19323863   69.50087687]
(3, 0) | 2 | 12,0A, ` [0. 1.] ` [-15.66211736 290.489344  ]
(2, 0) | 2 | 13, ` [0.41765894 0.18445895 0.         0.         0.         0.39788211] ` [ 39.21969551  17.32136698 -60.7831098  -67.34482035 -68.14551568
  37.36257855]
(3, 0) | 2 | 13,03, ` [0. 0. 1.] ` [-187.43019972  -49.11474432   41.32302114]
(2, 0) | 2 | 13,03,1A, ` [0.26828232 0.73171768] ` [21.22672318 57.89411846]
(3, 0) | 2 | 13,04, ` [0. 0. 1.] ` [-126.04502381  -12.1646417    38.35909994]
(2, 0) | 2 | 13,04,1A, ` [0.13532998 0.86467002] ` [ 9.68894192 61.90600057]
(3, 0) | 2 | 13,05, ` [0.         0.13181201 0.86818799] ` [-93.96987596   5.19896239  34.24328963]
(2, 0) | 2 | 13,05,1A, ` [0. 1.] ` [-5.10390662 60.48836349]
(3, 0) | 2 | 13,0A, ` [0. 1.] ` [-168.7550979   335.55369509]
(2, 0) | 2 | 14, ` [0.383547   0.18052624 0.         0.         0.43592676] ` [ 48.84668552  22.990946   -58.96198542 -58.93127043  55.51751672]
(3, 0) | 2 | 14,04, ` [0.         0.06419641 0.93580359] ` [-132.95069235    2.70757185   39.46880086]
(2, 0) | 2 | 14,04,1A, ` [0. 1.] ` [-2.99796949 82.70641889]
(3, 0) | 2 | 14,05, ` [0.         0.27716487 0.72283513] ` [-107.29270809   12.48354188   32.55658895]
(2, 0) | 2 | 14,05,1A, ` [0. 1.] ` [-19.48218696  79.8314227 ]
(3, 0) | 2 | 14,0A, ` [0. 1.] ` [-395.31979223  304.64412625]
(2, 0) | 2 | 15, ` [0.26440515 0.11820131 0.         0.61739354] ` [ 32.69610266  14.61666816 -25.17087686  76.34633035]
(3, 0) | 2 | 15,05, ` [0.         0.36129513 0.63870487] ` [-139.14093537   21.33545524   37.71725171]
(2, 0) | 2 | 15,05,1A, ` [0. 1.] ` [-83.00634098  75.27215904]
(3, 0) | 2 | 15,0A, ` [0. 1.] ` [-915.00124277   50.        ]
(2, 0) | 2 | 1A, ` [1. 0.] ` [ 171.42857143 -812.94355246]
(1, 2) | 2 |  ` [0.04905225 0.05632127 0.03693723 0.04905225 0.12416539 0.08782033
 0.59665128] ` [ 20.24439197  23.24439197  15.24439197  20.24439197  51.24439197
  36.24439197 246.24439197]
(2, 1) | 2 | 1x, ` [0.55129298 0.         0.         0.         0.21767669 0.23103033
 0.        ] ` [ 53.04493886  -5.6294261  -16.35778795  -8.91042682  20.94466495
  22.22954079 -24.96263587]
(1, 2) | 2 | 1x,01, ` [0.54194156 0.39114043 0.066918   0.         0.         0.
 0.         0.        ] ` [10.26785714  7.41071429  1.26785714 -0.16071429 -1.58928571 -3.01785714
 -4.44642857 -9.73214286]
(2, 1) | 2 | 1x,01,11, ` [0.44860386 0.44805742 0.10333872] ` [7.86498553 7.85540525 1.8117489 ]
(1, 2) | 2 | 1x,01,11,0A, ` [1. 0.] ` [ 6.19047619 -6.19047619]
(2, 1) | 2 | 1x,01,12, ` [0.26272453 0.42214746 0.31512801] ` [1.58801393 2.55163099 1.9047619 ]
(1, 2) | 2 | 1x,01,12,0A, ` [1. 0.] ` [ 5.71428571 -5.71428571]
(2, 1) | 2 | 1x,01,13, ` [0.5157644 0.4842356 0.       ] ` [ 5.89209074  5.53190576 -0.37210586]
(1, 2) | 2 | 1x,01,13,0A, ` [1. 0.] ` [ 5.23809524 -5.23809524]
(2, 1) | 2 | 1x,01,14, ` [0.53607941 0.46392059 0.        ] ` [ 6.12134581  5.29738368 -0.3339502 ]
(1, 2) | 2 | 1x,01,14,0A, ` [1. 0.] ` [ 4.76190476 -4.76190476]
(2, 1) | 2 | 1x,01,15, ` [0.55936007 0.44063993 0.        ] ` [ 5.66306532  4.46112048 -0.59523737]
(1, 2) | 2 | 1x,01,15,0A, ` [1. 0.] ` [ 4.28571429 -4.28571429]
(2, 1) | 2 | 1x,01,1A, ` [1. 0.] ` [ 21.28314066 -10.42855754]
(1, 2) | 2 | 1x,02, ` [0.67594937 0.32151899 0.00253165 0.         0.         0.
 0.        ] ` [10.89795918  5.18367347  0.04081633 -1.3877551  -2.81632653 -4.24489796
 -7.67346939]
(2, 1) | 2 | 1x,02,12, ` [0.47449829 0.52550171 0.        ] ` [ 5.91237756  6.54789414 -0.94074812]
(1, 2) | 2 | 1x,02,12,0A, ` [1. 0.] ` [ 5.23809524 -5.23809524]
(2, 1) | 2 | 1x,02,13, ` [0.4782434 0.5217566 0.       ] ` [ 4.90867133  5.35528902 -0.63897854]
(1, 2) | 2 | 1x,02,13,0A, ` [1. 0.] ` [ 4.76190476 -4.76190476]
(2, 1) | 2 | 1x,02,14, ` [0.50753254 0.49246746 0.        ] ` [ 5.04640244  4.89661023 -0.95062631]
(1, 2) | 2 | 1x,02,14,0A, ` [1. 0.] ` [ 4.28571429 -4.28571429]
(2, 1) | 2 | 1x,02,15, ` [0.59152306 0.40847694 0.        ] ` [16.95680709 11.70954282 -0.93097798]
(1, 2) | 2 | 1x,02,15,0A, ` [1. 0.] ` [ 3.80952381 -3.80952381]
(2, 1) | 2 | 1x,02,1A, ` [1. 0.] ` [17.21518651 -3.61888325]
(1, 2) | 2 | 1x,03, ` [0.80100334 0.19899666 0.         0.         0.         0.        ] ` [11.4047619   2.83333333 -1.45238095 -2.88095238 -4.16666667 -5.73809524]
(2, 1) | 2 | 1x,03,13, ` [0.18503383 0.62763135 0.18733482] ` [1.12127005 3.80332738 1.13521365]
(1, 2) | 2 | 1x,03,13,0A, ` [1. 0.] ` [ 4.28571429 -4.28571429]
(2, 1) | 2 | 1x,03,14, ` [0.         0.52499452 0.47500548] ` [-1.12338979  2.56406136  2.31991605]
(1, 2) | 2 | 1x,03,14,0A, ` [1. 0.] ` [ 3.80952381 -3.80952381]
(2, 1) | 2 | 1x,03,15, ` [0.5280382 0.4719618 0.       ] ` [ 5.65706945  5.05630223 -1.45143855]
(1, 2) | 2 | 1x,03,15,0A, ` [1. 0.] ` [ 3.33333333 -3.33333333]
(2, 1) | 2 | 1x,03,1A, ` [0.99233076 0.00766924] ` [31.28302409  0.24177136]
(1, 2) | 2 | 1x,04, ` [0.09990369 0.1966984  0.         0.         0.70339791] ` [11.27448259 22.19810644 -1.76338848 -2.63315502 79.38092917]
(2, 1) | 2 | 1x,04,14, ` [0.         0.51999302 0.48000698] ` [-2.40578034  3.16924466  2.92553842]
(1, 2) | 2 | 1x,04,14,0A, ` [0.05403102 0.94596898] ` [ 3.33333333 58.35962268]
(2, 1) | 2 | 1x,04,15, ` [0.         0.61858121 0.38141879] ` [-1.02976882  3.76675965  2.32259382]
(1, 2) | 2 | 1x,04,15,0A, ` [0.04462922 0.95537078] ` [ 2.85714286 61.16241395]
(2, 1) | 2 | 1x,04,1A, ` [0.98188175 0.01811825] ` [11.62154596  0.2144475 ]
(1, 2) | 2 | 1x,05, ` [0.0874683  0.21650739 0.         0.69602431] ` [ 11.28571429  27.9351569  -17.04107391  89.80547071]
(2, 1) | 2 | 1x,05,15, ` [0.         0.52248348 0.47751652] ` [-1.38660754  4.60207486  4.20600246]
(1, 2) | 2 | 1x,05,15,0A, ` [0.02582659 0.97417341] ` [ 2.38095238 89.80901627]
(2, 1) | 2 | 1x,05,1A, ` [0.49268695 0.50731305] ` [6.13026648 6.3122521 ]
(1, 2) | 2 | 1x,0A, ` [0.94010563 0.05989437] ` [21.42857143  1.36521982]
(2, 1) | 2 | 11, ` [0.1297844  0.02966073 0.         0.         0.10951904 0.23175206
 0.24640221 0.25288155] ` [ 8.48862804  1.93997818 -5.60446103 -0.83498051  7.16315974 15.15788482
 16.116087   16.53987191]
(1, 2) | 2 | 11,01, ` [0.65 0.35 0.  ] ` [ 5.41666667  2.91666667 -8.33333333]
(2, 1) | 2 | 11,01,1A, ` [0.58848931 0.41151069] ` [11.57676141  8.0952381 ]
(1, 2) | 2 | 11,02, ` [0.875 0.125 0.   ] ` [ 5.83333333  0.83333333 -6.66666667]
(2, 1) | 2 | 11,02,1A, ` [0.52797303 0.47202697] ` [9.5873402  8.57142857]
(1, 2) | 2 | 11,03, ` [0.47276225 0.19116184 0.33607591] ` [6.25       2.52719304 4.44298261]
(2, 1) | 2 | 11,03,1A, ` [0.31521295 0.68478705] ` [4.16469141 9.04761905]
(1, 2) | 2 | 11,04, ` [0.08815277 0.22865089 0.68319634] ` [ 6.66666667 17.29201738 51.66760189]
(2, 1) | 2 | 11,04,1A, ` [0. 1.] ` [-4.36752333  9.52380952]
(1, 2) | 2 | 11,05, ` [0.08192849 0.24169662 0.67637488] ` [ 7.08333333 20.89648768 58.47768613]
(2, 1) | 2 | 11,05,1A, ` [0. 1.] ` [-5.94560759 10.        ]
(1, 2) | 2 | 11,0A, ` [0.28036274 0.71963726] ` [17.5        44.91913653]
(2, 1) | 2 | 12, ` [0.28449877 0.18444925 0.16513664 0.15580297 0.14334669 0.06052328
 0.00624239] ` [40.03017405 25.9527854  23.23542056 21.92213421 20.16948278  8.51588074
  0.87833057]
(1, 2) | 2 | 12,02, ` [0.14924265 0.33225381 0.51850353] ` [ 5.23809524 11.66139206 18.19835554]
(2, 1) | 2 | 12,02,1A, ` [0.69608157 0.30391843] ` [12.81707309  5.59610383]
(1, 2) | 2 | 12,03, ` [0.1359922  0.28026261 0.5837452 ] ` [ 5.71428571 11.77641569 24.52851671]
(2, 1) | 2 | 12,03,1A, ` [0.57694272 0.42305728] ` [9.76143582 7.15781006]
(1, 2) | 2 | 12,04, ` [0.13209841 0.23987277 0.62802882] ` [ 6.19047619 11.24106386 29.43106864]
(2, 1) | 2 | 12,04,1A, ` [0.46242982 0.53757018] ` [7.43031093 8.6376644 ]
(1, 2) | 2 | 12,05, ` [0.08963515 0.14903562 0.76132922] ` [ 3.07345662  5.11021069 26.10485128]
(2, 1) | 2 | 12,05,1A, ` [0.53407548 0.46592452] ` [9.05182006 7.89675827]
(1, 2) | 2 | 12,0A, ` [0.62418974 0.37581026] ` [18.57142857 11.18142917]
(2, 1) | 2 | 13, ` [0.14970945 0.11352083 0.30566219 0.12233953 0.01832442 0.29044358] ` [ 9.6762003   7.33721413 19.75592417  7.90719482  1.18436614 18.77229661]
(1, 2) | 2 | 13,03, ` [0.04934346 0.28398988 0.66666667] ` [ 5.         28.77685349 67.55370698]
(2, 1) | 2 | 13,03,1A, ` [0. 1.] ` [-6.88303637 10.        ]
(1, 2) | 2 | 13,04, ` [0.         0.16046218 0.83953782] ` [-12.02318725   8.82436821  46.16907924]
(2, 1) | 2 | 13,04,1A, ` [0. 1.] ` [-2.66335081 10.47619048]
(1, 2) | 2 | 13,05, ` [0. 0. 1.] ` [-16.19835656  -0.48530973  35.11996249]
(2, 1) | 2 | 13,05,1A, ` [0. 1.] ` [-1.76173322 10.95238095]
(1, 2) | 2 | 13,0A, ` [0.32171292 0.67828708] ` [20.         42.16722737]
(2, 1) | 2 | 14, ` [0.48133485 0.38489187 0.08800504 0.04576824 0.        ] ` [40.86352483 32.67587676  7.47129783  3.88555227 -5.55444115]
(1, 2) | 2 | 14,04, ` [0. 0. 1.] ` [-24.06588906  -9.21619765  26.77945568]
(2, 1) | 2 | 14,04,1A, ` [0.21960735 0.78039265] ` [ 3.06904173 10.90609054]
(1, 2) | 2 | 14,05, ` [0. 0. 1.] ` [-18.05391179 -12.90822718  22.69747341]
(2, 1) | 2 | 14,05,1A, ` [0.15226582 0.84773418] ` [ 2.05274351 11.42857143]
(1, 2) | 2 | 14,0A, ` [0.49742998 0.50257002] ` [22.         22.22733041]
(2, 1) | 2 | 15, ` [0.76325852 0.23674148 0.         0.        ] ` [  88.68537016   27.50772474  -70.46329437 -109.13328038]
(1, 2) | 2 | 15,05, ` [0. 0. 1.] ` [-26.38468396 -22.74279275  24.30450432]
(2, 1) | 2 | 15,05,1A, ` [0.72527333 0.27472667] ` [24.77147974  9.38320175]
(1, 2) | 2 | 15,0A, ` [0.4747492 0.5252508] ` [25.         27.65938361]
(2, 1) | 2 | 1A, ` [0.73719022 0.26280978] ` [60.10785799 21.42857143]
(1, 0) | 2 |  ` [0.34389804 0.         0.         0.1805971  0.20100972 0.27449514
 0.        ] ` [  84.23663481  -86.76336519 -113.76336519   44.23663481   49.23663481
   67.23663481 -291.76336519]
(1, 0) | 2 | 1x,01, ` [0.         0.         0.         0.         0.1405273  0.15175527
 0.21912308 0.48859434] ` [-1.2243223  -5.95798537 -6.46100546 -0.470394    1.00934076  1.08998592
  1.57385689  3.50934076]
(1, 0) | 2 | 1x,01,11,0A, ` [1. 0.] ` [ 3.49462366 -3.49462366]
(1, 0) | 2 | 1x,01,12,0A, ` [0.5 0.5] ` [0. 0.]
(1, 0) | 2 | 1x,01,13,0A, ` [0.5 0.5] ` [0. 0.]
(1, 0) | 2 | 1x,01,14,0A, ` [0.5 0.5] ` [0. 0.]
(1, 0) | 2 | 1x,01,15,0A, ` [0.5 0.5] ` [0. 0.]
(1, 0) | 2 | 1x,02, ` [0.         0.         0.11454004 0.26359635 0.27366772 0.
 0.34819588] ` [-1.0136868  -3.88612812  0.61144268  1.40714161  1.46090505 -0.43574076
  1.85875451]
(1, 0) | 2 | 1x,02,12,0A, ` [1. 0.] ` [ 0.39426523 -0.39426523]
(1, 0) | 2 | 1x,02,13,0A, ` [0.5 0.5] ` [0. 0.]
(1, 0) | 2 | 1x,02,14,0A, ` [0.5 0.5] ` [0. 0.]
(1, 0) | 2 | 1x,02,15,0A, ` [1. 0.] ` [ 0.61058345 -0.61058345]
(1, 0) | 2 | 1x,03, ` [0.16666667 0.16666667 0.16666667 0.16666667 0.16666667 0.16666667] ` [0. 0. 0. 0. 0. 0.]
(1, 0) | 2 | 1x,03,13,0A, ` [0.5 0.5] ` [0. 0.]
(1, 0) | 2 | 1x,03,14,0A, ` [0.5 0.5] ` [0. 0.]
(1, 0) | 2 | 1x,03,15,0A, ` [0.5 0.5] ` [0. 0.]
(1, 0) | 2 | 1x,04, ` [0.2 0.2 0.2 0.2 0.2] ` [0. 0. 0. 0. 0.]
(1, 0) | 2 | 1x,04,14,0A, ` [0.5 0.5] ` [0. 0.]
(1, 0) | 2 | 1x,04,15,0A, ` [0.5 0.5] ` [0. 0.]
(1, 0) | 2 | 1x,05, ` [0.25 0.25 0.25 0.25] ` [0. 0. 0. 0.]
(1, 0) | 2 | 1x,05,15,0A, ` [0.5 0.5] ` [0. 0.]
(1, 0) | 2 | 1x,0A, ` [0. 1.] ` [-89.12102711  89.12102711]
(1, 0) | 2 | 11,01, ` [0.5143104 0.360776  0.1249136] ` [12.85775997  9.01939994  3.12284009]
(1, 0) | 2 | 11,02, ` [0.875 0.125 0.   ] ` [ 5.83333333  0.83333333 -6.66666667]
(1, 0) | 2 | 11,03, ` [1. 0. 0.] ` [ 6.25 -1.25 -5.  ]
(1, 0) | 2 | 11,04, ` [1. 0. 0.] ` [ 6.66666667 -3.33333333 -3.33333333]
(1, 0) | 2 | 11,05, ` [1. 0. 0.] ` [ 7.08333333 -5.41666667 -1.66666667]
(1, 0) | 2 | 11,0A, ` [0.28501954 0.71498046] ` [17.5        43.89929917]
(1, 0) | 2 | 12,02, ` [0.69527426 0.28818565 0.01654008] ` [9.93248945 4.11693791 0.23628692]
(1, 0) | 2 | 12,03, ` [1. 0. 0.] ` [ 5.71428571 -2.85714286 -2.85714286]
(1, 0) | 2 | 12,04, ` [1. 0. 0.] ` [ 6.19047619 -5.23809524 -0.95238095]
(1, 0) | 2 | 12,05, ` [0.875 0.    0.125] ` [ 6.66666667 -7.61904762  0.95238095]
(1, 0) | 2 | 12,0A, ` [0.10239873 0.89760127] ` [ 18.57142857 162.79243374]
(1, 0) | 2 | 13,03, ` [0.33333333 0.33333333 0.33333333] ` [0. 0. 0.]
(1, 0) | 2 | 13,04, ` [0.33333333 0.33333333 0.33333333] ` [0. 0. 0.]
(1, 0) | 2 | 13,05, ` [0.33333333 0.33333333 0.33333333] ` [0. 0. 0.]
(1, 0) | 2 | 13,0A, ` [0. 1.] ` [-114.13358027  114.13358027]
(1, 0) | 2 | 14,04, ` [0.33333333 0.33333333 0.33333333] ` [0. 0. 0.]
(1, 0) | 2 | 14,05, ` [0.33333333 0.33333333 0.33333333] ` [0. 0. 0.]
(1, 0) | 2 | 14,0A, ` [0. 1.] ` [-115.30847002  115.30847002]
(1, 0) | 2 | 15,05, ` [0.33333333 0.33333333 0.33333333] ` [0. 0. 0.]
(1, 0) | 2 | 15,0A, ` [0. 1.] ` [-162.79841988  162.79841988]
(2, 2) | 2 |  ` [0.26098608 0.26098608 0.16058154 0.1240708  0.13319849 0.06017701
 0.        ] ` [ 28.5928009  28.5928009  17.5928009  13.5928009  14.5928009   6.5928009
 -39.4071991]
(2, 2) | 2 | 1x,01, ` [0.33797278 0.18815395 0.10850319 0.11571723 0.11902063 0.08321762
 0.04741461 0.        ] ` [13.48541042  7.50750772  4.32937242  4.61721891  4.7490274   3.32045597
  1.89188454 -3.39382975]
(2, 2) | 2 | 1x,01,11,0A, ` [1. 0.] ` [ 6.19047619 -6.19047619]
(2, 2) | 2 | 1x,01,12,0A, ` [1. 0.] ` [ 5.71428571 -5.71428571]
(2, 2) | 2 | 1x,01,13,0A, ` [1. 0.] ` [ 5.23809524 -5.23809524]
(2, 2) | 2 | 1x,01,14,0A, ` [1. 0.] ` [ 4.76190476 -4.76190476]
(2, 2) | 2 | 1x,01,15,0A, ` [1. 0.] ` [ 4.28571429 -4.28571429]
(2, 2) | 2 | 1x,02, ` [0.45847361 0.16515757 0.15587294 0.10450081 0.05312868 0.06286638
 0.        ] ` [12.74937003  4.59275053  4.33456096  2.90598953  1.4774181   1.74820702
 -3.37972475]
(2, 2) | 2 | 1x,02,12,0A, ` [1. 0.] ` [ 5.23809524 -5.23809524]
(2, 2) | 2 | 1x,02,13,0A, ` [1. 0.] ` [ 4.76190476 -4.76190476]
(2, 2) | 2 | 1x,02,14,0A, ` [1. 0.] ` [ 4.28571429 -4.28571429]
(2, 2) | 2 | 1x,02,15,0A, ` [1. 0.] ` [ 0.61058345 -8.22963107]
(2, 2) | 2 | 1x,03, ` [0.80100334 0.19899666 0.         0.         0.         0.        ] ` [11.4047619   2.83333333 -1.45238095 -2.88095238 -4.16666667 -5.73809524]
(2, 2) | 2 | 1x,03,13,0A, ` [1. 0.] ` [ 4.28571429 -4.28571429]
(2, 2) | 2 | 1x,03,14,0A, ` [1. 0.] ` [ 3.80952381 -3.80952381]
(2, 2) | 2 | 1x,03,15,0A, ` [1. 0.] ` [ 3.33333333 -3.33333333]
(2, 2) | 2 | 1x,04, ` [0.98543689 0.01456311 0.         0.         0.        ] ` [11.6         0.17142857 -3.11428571 -4.54285714 -4.11428571]
(2, 2) | 2 | 1x,04,14,0A, ` [1. 0.] ` [ 3.33333333 -3.33333333]
(2, 2) | 2 | 1x,04,15,0A, ` [1. 0.] ` [ 2.85714286 -2.85714286]
(2, 2) | 2 | 1x,05, ` [1. 0. 0. 0.] ` [11.28571429 -3.         -5.28571429 -3.        ]
(2, 2) | 2 | 1x,05,15,0A, ` [1. 0.] ` [ 2.38095238 -2.38095238]
(2, 2) | 2 | 1x,0A, ` [1. 0.] ` [ 21.42857143 -21.42857143]
(2, 2) | 2 | 11,01, ` [0.5143104 0.360776  0.1249136] ` [12.85775997  9.01939994  3.12284009]
(2, 2) | 2 | 11,02, ` [0.875 0.125 0.   ] ` [ 5.83333333  0.83333333 -6.66666667]
(2, 2) | 2 | 11,03, ` [1. 0. 0.] ` [ 6.25 -1.25 -5.  ]
(2, 2) | 2 | 11,04, ` [1. 0. 0.] ` [ 6.66666667 -3.33333333 -3.33333333]
(2, 2) | 2 | 11,05, ` [1. 0. 0.] ` [ 7.08333333 -5.41666667 -1.66666667]
(2, 2) | 2 | 11,0A, ` [1. 0.] ` [ 17.5 -17.5]
(2, 2) | 2 | 12,02, ` [0.69527426 0.28818565 0.01654008] ` [9.93248945 4.11693791 0.23628692]
(2, 2) | 2 | 12,03, ` [1. 0. 0.] ` [ 5.71428571 -2.85714286 -2.85714286]
(2, 2) | 2 | 12,04, ` [1. 0. 0.] ` [ 6.19047619 -5.23809524 -0.95238095]
(2, 2) | 2 | 12,05, ` [0.875 0.    0.125] ` [ 6.66666667 -7.61904762  0.95238095]
(2, 2) | 2 | 12,0A, ` [1. 0.] ` [ 18.57142857 -18.57142857]
(2, 2) | 2 | 13,03, ` [1. 0. 0.] ` [ 5. -5.  0.]
(2, 2) | 2 | 13,04, ` [0.71428571 0.         0.28571429] ` [ 5.55555556 -7.77777778  2.22222222]
(2, 2) | 2 | 13,05, ` [0.57894737 0.         0.42105263] ` [  6.11111111 -10.55555556   4.44444444]
(2, 2) | 2 | 13,0A, ` [1. 0.] ` [ 20. -20.]
(2, 2) | 2 | 14,04, ` [0.41176471 0.         0.58823529] ` [  4.66666667 -11.33333333   6.66666667]
(2, 2) | 2 | 14,05, ` [0.36363636 0.         0.63636364] ` [  5.33333333 -14.66666667   9.33333333]
(2, 2) | 2 | 14,0A, ` [1. 0.] ` [ 22. -22.]
(2, 2) | 2 | 15,05, ` [0.2 0.  0.8] ` [  4.16666667 -20.83333333  16.66666667]
(2, 2) | 2 | 15,0A, ` [1. 0.] ` [ 25. -25.]
(4, 0) | 2 |  ` [0.05956333 0.07261075 0.14518704 0.08810457 0.19411487 0.2161324
 0.22428704] ` [ 73.04226872  89.04226872 178.04226872 108.04226872 238.04226872
 265.04226872 275.04226872]
(1, 1) | 2 | 1x, ` [0.78290366 0.15603799 0.06105834 0.         0.         0.
 0.        ] ` [11.7755102   2.34693878  0.91836735 -0.51020408 -1.79591837 -3.08163265
 -9.65306122]
(4, 0) | 2 | 1x,01, ` [0.         0.         0.         0.         0.15578317 0.17452588
 0.17586739 0.49382355] ` [-56.36839608 -49.92256259 -22.03729934  -4.36127499   4.03565551
   4.52119647   4.55594911  12.79279183]
(1, 1) | 2 | 1x,01,11, ` [0.65 0.35 0.  ] ` [ 0.77380952  0.41666667 -1.19047619]
(4, 0) | 2 | 1x,01,11,0A, ` [0. 1.] ` [-33.12312405   8.0952381 ]
(1, 1) | 2 | 1x,01,12, ` [0.875 0.125 0.   ] ` [ 0.83333333  0.11904762 -0.95238095]
(4, 0) | 2 | 1x,01,12,0A, ` [0. 1.] ` [-57.01364614   8.57142857]
(1, 1) | 2 | 1x,01,13, ` [1. 0. 0.] ` [ 0.89285714 -0.17857143 -0.71428571]
(4, 0) | 2 | 1x,01,13,0A, ` [0. 1.] ` [-71.41144958   9.04761905]
(1, 1) | 2 | 1x,01,14, ` [1. 0. 0.] ` [ 0.95238095 -0.47619048 -0.47619048]
(4, 0) | 2 | 1x,01,14,0A, ` [0. 1.] ` [-74.61890803   9.52380952]
(1, 1) | 2 | 1x,01,15, ` [1. 0. 0.] ` [ 1.01190476 -0.77380952 -0.23809524]
(4, 0) | 2 | 1x,01,15,0A, ` [0. 1.] ` [-77.016497  10.      ]
(1, 1) | 2 | 1x,01,1A, ` [1. 0.] ` [ 2.5 -2.5]
(4, 0) | 2 | 1x,02, ` [0.         0.         0.17980915 0.17308122 0.18875254 0.
 0.45835708] ` [-53.60801583 -41.11162735   5.46444098   5.25997762   5.73623252
 -19.72595789  13.92957566]
(1, 1) | 2 | 1x,02,12, ` [1. 0. 0.] ` [ 0.74829932 -0.06802721 -0.68027211]
(4, 0) | 2 | 1x,02,12,0A, ` [0. 1.] ` [-69.03464952   9.04761905]
(1, 1) | 2 | 1x,02,13, ` [1. 0. 0.] ` [ 0.81632653 -0.40816327 -0.40816327]
(4, 0) | 2 | 1x,02,13,0A, ` [0. 1.] ` [-70.80560018   9.52380952]
(1, 1) | 2 | 1x,02,14, ` [1. 0. 0.] ` [ 0.88435374 -0.74829932 -0.13605442]
(4, 0) | 2 | 1x,02,14,0A, ` [0. 1.] ` [-73.35386379  10.        ]
(1, 1) | 2 | 1x,02,15, ` [0.875 0.    0.125] ` [ 0.95238095 -1.08843537  0.13605442]
(4, 0) | 2 | 1x,02,15,0A, ` [0. 1.] ` [-34.42249646  10.47619048]
(1, 1) | 2 | 1x,02,1A, ` [1. 0.] ` [ 2.65306122 -2.65306122]
(4, 0) | 2 | 1x,03, ` [0.         0.         0.02929843 0.         0.         0.97070157] ` [-75.59653162 -54.17316397   0.43395081  -1.62044196  -8.18314357
  14.37744945]
(1, 1) | 2 | 1x,03,13, ` [1. 0. 0.] ` [ 0.71428571 -0.71428571  0.        ]
(4, 0) | 2 | 1x,03,13,0A, ` [0. 1.] ` [-97.49725226  10.        ]
(1, 1) | 2 | 1x,03,14, ` [0.71428571 0.         0.28571429] ` [ 0.79365079 -1.11111111  0.31746032]
(4, 0) | 2 | 1x,03,14,0A, ` [0. 1.] ` [-97.15003906  10.47619048]
(1, 1) | 2 | 1x,03,15, ` [0.57894737 0.         0.42105263] ` [ 0.87301587 -1.50793651  0.63492063]
(4, 0) | 2 | 1x,03,15,0A, ` [0. 1.] ` [-87.66114962  10.95238095]
(1, 1) | 2 | 1x,03,1A, ` [1. 0.] ` [ 2.85714286 -2.85714286]
(4, 0) | 2 | 1x,04, ` [0.         0.         0.33049596 0.3323598  0.33714424] ` [-47.21390634  -1.16201791  94.9820323   95.5176849   96.89269789]
(1, 1) | 2 | 1x,04,14, ` [0.41176471 0.         0.58823529] ` [ 0.66666667 -1.61904762  0.95238095]
(4, 0) | 2 | 1x,04,14,0A, ` [0. 1.] ` [-346.83867035   10.95238095]
(1, 1) | 2 | 1x,04,15, ` [0.36363636 0.         0.63636364] ` [ 0.76190476 -2.0952381   1.33333333]
(4, 0) | 2 | 1x,04,15,0A, ` [0. 1.] ` [-372.77313715   11.42857143]
(1, 1) | 2 | 1x,04,1A, ` [1. 0.] ` [ 3.14285714 -3.14285714]
(4, 0) | 2 | 1x,05, ` [0.         0.15330189 0.3926508  0.45404731] ` [-6.51571611 32.82214268 84.06706826 97.21214598]
(1, 1) | 2 | 1x,05,15, ` [0.2 0.  0.8] ` [ 0.5952381  -2.97619048  2.38095238]
(4, 0) | 2 | 1x,05,15,0A, ` [0. 1.] ` [-262.10302262   11.9047619 ]
(1, 1) | 2 | 1x,05,1A, ` [1. 0.] ` [ 3.57142857 -3.57142857]
(4, 0) | 2 | 1x,0A, ` [0. 1.] ` [-613.16445802   21.42857143]
(1, 1) | 2 | 11, ` [0.54194156 0.39114043 0.066918   0.         0.         0.
 0.         0.        ] ` [10.26785714  7.41071429  1.26785714 -0.16071429 -1.58928571 -3.01785714
 -4.44642857 -9.73214286]
(4, 0) | 2 | 11,01, ` [0. 0. 1.] ` [-103.71084592  -70.95883641   13.33333333]
(1, 1) | 2 | 11,01,1A, ` [1. 0.] ` [ 6.19047619 -6.19047619]
(4, 0) | 2 | 11,02, ` [0. 0. 1.] ` [-61.54954544 -32.25192814  13.33333333]
(1, 1) | 2 | 11,02,1A, ` [1. 0.] ` [ 5.71428571 -5.71428571]
(4, 0) | 2 | 11,03, ` [0. 0. 1.] ` [-73.768308   -33.60592606  14.91163345]
(1, 1) | 2 | 11,03,1A, ` [1. 0.] ` [ 5.23809524 -5.23809524]
(4, 0) | 2 | 11,04, ` [0.        0.0567846 0.9432154] ` [-39.63950544   2.12653738  35.32265298]
(1, 1) | 2 | 11,04,1A, ` [1. 0.] ` [ 4.76190476 -4.76190476]
(4, 0) | 2 | 11,05, ` [0.         0.17369718 0.82630282] ` [-41.26505543   8.50302541  40.45013214]
(1, 1) | 2 | 11,05,1A, ` [1. 0.] ` [ 4.28571429 -4.28571429]
(4, 0) | 2 | 11,0A, ` [0. 1.] ` [-651.62647791   20.        ]
(1, 1) | 2 | 12, ` [0.67594937 0.32151899 0.00253165 0.         0.         0.
 0.        ] ` [10.89795918  5.18367347  0.04081633 -1.3877551  -2.81632653 -4.24489796
 -7.67346939]
(4, 0) | 2 | 12,02, ` [0. 0. 1.] ` [-55.92961064  -6.76074343  33.09006776]
(1, 1) | 2 | 12,02,1A, ` [1. 0.] ` [ 5.23809524 -5.23809524]
(4, 0) | 2 | 12,03, ` [0. 0. 1.] ` [-56.75807138  -1.76973548  32.18370891]
(1, 1) | 2 | 12,03,1A, ` [1. 0.] ` [ 4.76190476 -4.76190476]
(4, 0) | 2 | 12,04, ` [0.         0.04643853 0.95356147] ` [-60.27401931   1.55150432  31.85834531]
(1, 1) | 2 | 12,04,1A, ` [1. 0.] ` [ 4.28571429 -4.28571429]
(4, 0) | 2 | 12,05, ` [0.         0.07271233 0.92728767] ` [-66.1365938    2.36834693  30.2031176 ]
(1, 1) | 2 | 12,05,1A, ` [1. 0.] ` [ 3.80952381 -3.80952381]
(4, 0) | 2 | 12,0A, ` [0. 1.] ` [-931.22114449   24.28571429]
(1, 1) | 2 | 13, ` [0.80100334 0.19899666 0.         0.         0.         0.        ] ` [11.4047619   2.83333333 -1.45238095 -2.88095238 -4.16666667 -5.73809524]
(4, 0) | 2 | 13,03, ` [0.02731938 0.55836908 0.41431154] ` [ 1.51761699 31.01791841 23.01538903]
(1, 1) | 2 | 13,03,1A, ` [1. 0.] ` [ 4.28571429 -4.28571429]
(4, 0) | 2 | 13,04, ` [0.         0.56851807 0.43148193] ` [-1.3087196  28.79072955 21.85098478]
(1, 1) | 2 | 13,04,1A, ` [1. 0.] ` [ 3.80952381 -3.80952381]
(4, 0) | 2 | 13,05, ` [0.         0.51456604 0.48543396] ` [-11.93375194  25.45855363  24.01722095]
(1, 1) | 2 | 13,05,1A, ` [1. 0.] ` [ 3.33333333 -3.33333333]
(4, 0) | 2 | 13,0A, ` [0. 1.] ` [-1143.07237276    30.        ]
(1, 1) | 2 | 14, ` [0.98543689 0.01456311 0.         0.         0.        ] ` [11.6         0.17142857 -3.11428571 -4.54285714 -4.11428571]
(4, 0) | 2 | 14,04, ` [0.         0.49166138 0.50833862] ` [-27.75257189  23.01612927  23.79684017]
(1, 1) | 2 | 14,04,1A, ` [1. 0.] ` [ 3.33333333 -3.33333333]
(4, 0) | 2 | 14,05, ` [0.       0.380046 0.619954] ` [-48.91629999  16.26197134  26.52750983]
(1, 1) | 2 | 14,05,1A, ` [1. 0.] ` [ 2.85714286 -2.85714286]
(4, 0) | 2 | 14,0A, ` [0. 1.] ` [-1313.30231597    38.        ]
(1, 1) | 2 | 15, ` [1. 0. 0. 0.] ` [11.28571429 -3.         -5.28571429 -3.        ]
(4, 0) | 2 | 15,05, ` [0.         0.28937468 0.71062532] ` [-104.89408116   15.37898555   37.76659622]
(1, 1) | 2 | 15,05,1A, ` [1. 0.] ` [ 2.38095238 -2.38095238]
(4, 0) | 2 | 15,0A, ` [0. 1.] ` [-1401.5855149    50.       ]
(1, 1) | 2 | 1A, ` [1. 0.] ` [ 21.42857143 -21.42857143]
(1, 1) | 2 |  ` [0. 0. 0. 0. 0. 0. 1.] ` [ -6.28571429 -17.28571429 -12.28571429  -9.28571429  -7.28571429
  -9.28571429  61.71428571]
(1, 2) | 2 | 1x, ` [0.18393555 0.08405675 0.02242125 0.10045928 0.22821483 0.
 0.38091234] ` [23.06350471 10.53979586  2.81137941 12.59649423 28.61564186 -8.92284143
 47.76223749]
(1, 1) | 2 | 1x,01, ` [0.         0.         0.         0.         0.03478261 0.06086957
 0.08695652 0.8173913 ] ` [-9.42857143 -6.57142857 -0.42857143  0.          0.57142857  1.
  1.42857143 13.42857143]
(1, 2) | 2 | 1x,01,11, ` [0.1998409  0.52092801 0.27923109] ` [2.33471434 6.085932   3.26221929]
(1, 1) | 2 | 1x,01,11,0A, ` [0. 1.] ` [-8.0952381  8.0952381]
(1, 2) | 2 | 1x,01,12, ` [1. 0. 0.] ` [ 0.92261905 -0.27497364 -2.41783078]
(1, 1) | 2 | 1x,01,12,0A, ` [0. 1.] ` [-8.57142857  8.57142857]
(1, 2) | 2 | 1x,01,13, ` [1. 0. 0.] ` [ 0.89285714 -1.25       -2.32142857]
(1, 1) | 2 | 1x,01,13,0A, ` [0. 1.] ` [-9.04761905  9.04761905]
(1, 2) | 2 | 1x,01,14, ` [1. 0. 0.] ` [ 0.95238095 -1.9047619  -1.9047619 ]
(1, 1) | 2 | 1x,01,14,0A, ` [0. 1.] ` [-9.52380952  9.52380952]
(1, 2) | 2 | 1x,01,15, ` [1. 0. 0.] ` [ 1.01190476 -2.55952381 -1.48809524]
(1, 1) | 2 | 1x,01,15,0A, ` [0. 1.] ` [-10.  10.]
(1, 2) | 2 | 1x,01,1A, ` [1. 0.] ` [  2.5        -13.28599915]
(1, 1) | 2 | 1x,02, ` [0.         0.         0.         0.02405063 0.05949367 0.08607595
 0.83037975] ` [-10.89795918  -5.18367347  -0.04081633   0.3877551    0.95918367
   1.3877551   13.3877551 ]
(1, 2) | 2 | 1x,02,12, ` [1. 0. 0.] ` [ 0.74829932 -0.88435374 -2.10884354]
(1, 1) | 2 | 1x,02,12,0A, ` [0. 1.] ` [-9.04761905  9.04761905]
(1, 2) | 2 | 1x,02,13, ` [1. 0. 0.] ` [ 0.81632653 -1.63265306 -1.63265306]
(1, 1) | 2 | 1x,02,13,0A, ` [0. 1.] ` [-9.52380952  9.52380952]
(1, 2) | 2 | 1x,02,14, ` [1. 0. 0.] ` [ 0.88435374 -2.38095238 -1.15646259]
(1, 1) | 2 | 1x,02,14,0A, ` [0. 1.] ` [-10.  10.]
(1, 2) | 2 | 1x,02,15, ` [0.19568671 0.35234311 0.45197018] ` [ 7.74330881 13.94219154 17.88442735]
(1, 1) | 2 | 1x,02,15,0A, ` [0. 1.] ` [-10.47619048  10.47619048]
(1, 2) | 2 | 1x,02,1A, ` [1. 0.] ` [ 2.65306122 -9.55080487]
(1, 1) | 2 | 1x,03, ` [0.         0.         0.03097345 0.05752212 0.0840708  0.82743363] ` [-12.35714286  -3.78571429   0.5          0.92857143   1.35714286
  13.35714286]
(1, 2) | 2 | 1x,03,13, ` [1. 0. 0.] ` [ 0.71428571 -2.14285714 -0.71428571]
(1, 1) | 2 | 1x,03,13,0A, ` [0. 1.] ` [-10.  10.]
(1, 2) | 2 | 1x,03,14, ` [1. 0. 0.] ` [ 0.92970522 -2.87981859 -0.02267574]
(1, 1) | 2 | 1x,03,14,0A, ` [0. 1.] ` [-10.47619048  10.47619048]
(1, 2) | 2 | 1x,03,15, ` [1. 0. 0.] ` [ 2.30682343 -4.09868091 -2.11400603]
(1, 1) | 2 | 1x,03,15,0A, ` [0. 1.] ` [-10.95238095  10.95238095]
(1, 2) | 2 | 1x,03,1A, ` [1. 0.] ` [ 2.85714286 -9.82760702]
(1, 1) | 2 | 1x,04, ` [0.         0.         0.06451613 0.09139785 0.84408602] ` [-13.68571429  -2.25714286   1.02857143   1.45714286  13.45714286]
(1, 2) | 2 | 1x,04,14, ` [0. 0. 1.] ` [-26.72128797  -6.0905061   13.75364047]
(1, 1) | 2 | 1x,04,14,0A, ` [0. 1.] ` [-10.95238095  10.95238095]
(1, 2) | 2 | 1x,04,15, ` [0. 0. 1.] ` [-29.06653977  -8.74727207   9.57745478]
(1, 1) | 2 | 1x,04,15,0A, ` [0. 1.] ` [-11.42857143  11.42857143]
(1, 2) | 2 | 1x,04,1A, ` [0.16188516 0.83811484] ` [ 8.01082975 41.47381703]
(1, 1) | 2 | 1x,05, ` [0.         0.         0.11111111 0.88888889] ` [-14.85714286  -0.57142857   1.71428571  13.71428571]
(1, 2) | 2 | 1x,05,15, ` [0.50949405 0.         0.49050595] ` [ 2.8440903  -6.13747866  2.73809524]
(1, 1) | 2 | 1x,05,15,0A, ` [0. 1.] ` [-11.9047619  11.9047619]
(1, 2) | 2 | 1x,05,1A, ` [0.19300196 0.80699804] ` [ 7.54456945 31.54606667]
(1, 1) | 2 | 1x,0A, ` [0. 1.] ` [-21.42857143  21.42857143]
(1, 2) | 2 | 11, ` [0.34391121 0.40544434 0.24281697 0.00782749 0.         0.
 0.         0.        ] ` [  9.10785758  10.73744976   6.43056209   0.20729665  -4.54719322
 -39.77877635 -60.09826694 -23.54826453]
(1, 1) | 2 | 11,01, ` [0. 0. 1.] ` [-10.41666667  -2.91666667  13.33333333]
(1, 2) | 2 | 11,01,1A, ` [1. 0.] ` [  6.19047619 -10.83475779]
(1, 1) | 2 | 11,02, ` [0. 0. 1.] ` [-11.66666667  -1.66666667  13.33333333]
(1, 2) | 2 | 11,02,1A, ` [0.28934561 0.71065439] ` [ 5.71428571 14.03471166]
(1, 1) | 2 | 11,03, ` [0. 0. 1.] ` [-12.91666667  -0.41666667  13.33333333]
(1, 2) | 2 | 11,03,1A, ` [0.17626315 0.82373685] ` [ 5.23809524 24.47937614]
(1, 1) | 2 | 11,04, ` [0.         0.05882353 0.94117647] ` [-14.16666667   0.83333333  13.33333333]
(1, 2) | 2 | 11,04,1A, ` [0.04014469 0.95985531] ` [  4.76190476 113.85663329]
(1, 1) | 2 | 11,05, ` [0.         0.13513514 0.86486486] ` [-15.41666667   2.08333333  13.33333333]
(1, 2) | 2 | 11,05,1A, ` [0.02942474 0.97057526] ` [  4.28571429 141.36429296]
(1, 1) | 2 | 11,0A, ` [0. 1.] ` [-20.  20.]
(1, 2) | 2 | 12, ` [0.67841848 0.32158152 0.         0.         0.         0.
 0.        ] ` [ 12.283252     5.82246343 -10.00112685 -17.26106742 -25.76295371
 -31.67541656 -19.89182229]
(1, 1) | 2 | 12,02, ` [0.         0.02857143 0.97142857] ` [-16.66666667   0.47619048  16.19047619]
(1, 2) | 2 | 12,02,1A, ` [0.19493432 0.80506568] ` [ 5.23809524 21.6329819 ]
(1, 1) | 2 | 12,03, ` [0.         0.10526316 0.89473684] ` [-18.0952381    1.9047619   16.19047619]
(1, 2) | 2 | 12,03,1A, ` [0.13634748 0.86365252] ` [ 4.76190476 30.16286915]
(1, 1) | 2 | 12,04, ` [0.         0.17073171 0.82926829] ` [-19.52380952   3.33333333  16.19047619]
(1, 2) | 2 | 12,04,1A, ` [0.09831809 0.90168191] ` [ 4.28571429 39.30457712]
(1, 1) | 2 | 12,05, ` [0.         0.22727273 0.77272727] ` [-20.95238095   4.76190476  16.19047619]
(1, 2) | 2 | 12,05,1A, ` [0.08100791 0.91899209] ` [ 3.80952381 43.21703997]
(1, 1) | 2 | 12,0A, ` [0. 1.] ` [-24.28571429  24.28571429]
(1, 2) | 2 | 13, ` [1. 0. 0. 0. 0. 0.] ` [ 13.11044752  -4.4715978   -9.19650027 -12.62861061 -15.91786382
 -23.37120767]
(1, 1) | 2 | 13,03, ` [0.  0.2 0.8] ` [-25.   5.  20.]
(1, 2) | 2 | 13,03,1A, ` [1. 0.] ` [  4.28571429 -14.1747074 ]
(1, 1) | 2 | 13,04, ` [0.   0.25 0.75] ` [-26.66666667   6.66666667  20.        ]
(1, 2) | 2 | 13,04,1A, ` [1. 0.] ` [  3.80952381 -12.59973991]
(1, 1) | 2 | 13,05, ` [0.         0.29411765 0.70588235] ` [-28.33333333   8.33333333  20.        ]
(1, 2) | 2 | 13,05,1A, ` [1. 0.] ` [  3.33333333 -10.88969511]
(1, 1) | 2 | 13,0A, ` [0. 1.] ` [-30.  30.]
(1, 2) | 2 | 14, ` [1. 0. 0. 0. 0.] ` [ 11.76643551 -11.09070735 -14.37642164 -17.66213592 -19.66213592]
(1, 1) | 2 | 14,04, ` [0.         0.30909091 0.69090909] ` [-36.66666667  11.33333333  25.33333333]
(1, 2) | 2 | 14,04,1A, ` [1. 0.] ` [  3.33333333 -10.        ]
(1, 1) | 2 | 14,05, ` [0.         0.34482759 0.65517241] ` [-38.66666667  13.33333333  25.33333333]
(1, 2) | 2 | 14,05,1A, ` [1. 0.] ` [ 2.85714286 -8.57142857]
(1, 1) | 2 | 14,0A, ` [0. 1.] ` [-38.  38.]
(1, 2) | 2 | 15, ` [1. 0. 0. 0.] ` [  11.28571429  -53.5592806   -91.97570406 -126.10641323]
(1, 1) | 2 | 15,05, ` [0.         0.38461538 0.61538462] ` [-54.16666667  20.83333333  33.33333333]
(1, 2) | 2 | 15,05,1A, ` [1. 0.] ` [  2.38095238 -30.31096072]
(1, 1) | 2 | 15,0A, ` [0. 1.] ` [-50.  50.]
(1, 2) | 2 | 1A, ` [1. 0.] ` [  21.42857143 -238.42988159]
(3, 1) | 2 |  ` [0.        0.2300885 0.4159292 0.3539823 0.        0.        0.       ] ` [-1.28571429  3.71428571  6.71428571  5.71428571 -4.28571429 -5.28571429
 -5.28571429]
(3, 1) | 2 | 1x,01, ` [0.         0.05960265 0.43046358 0.27152318 0.05960265 0.05960265
 0.05960265 0.05960265] ` [-2.9452171   0.17554274  1.26780868  0.79969471  0.17554274  0.17554274
  0.17554274  0.17554274]
(3, 1) | 2 | 1x,01,11,0A, ` [0.5 0.5] ` [0. 0.]
(3, 1) | 2 | 1x,01,12,0A, ` [0.5 0.5] ` [0. 0.]
(3, 1) | 2 | 1x,01,13,0A, ` [0.5 0.5] ` [0. 0.]
(3, 1) | 2 | 1x,01,14,0A, ` [0.5 0.5] ` [0. 0.]
(3, 1) | 2 | 1x,01,15,0A, ` [0.5 0.5] ` [0. 0.]
(3, 1) | 2 | 1x,02, ` [0.         0.14285714 0.14285714 0.14285714 0.14285714 0.28571429
 0.14285714] ` [-2.13704206  0.30529172  0.30529172  0.30529172  0.30529172  0.61058345
  0.30529172]
(3, 1) | 2 | 1x,02,12,0A, ` [0.5 0.5] ` [0. 0.]
(3, 1) | 2 | 1x,02,13,0A, ` [0.5 0.5] ` [0. 0.]
(3, 1) | 2 | 1x,02,14,0A, ` [0.5 0.5] ` [0. 0.]
(3, 1) | 2 | 1x,02,15,0A, ` [0. 1.] ` [-1.67910448  1.67910448]
(3, 1) | 2 | 1x,03, ` [0.16666667 0.16666667 0.16666667 0.16666667 0.16666667 0.16666667] ` [0. 0. 0. 0. 0. 0.]
(3, 1) | 2 | 1x,03,13,0A, ` [0.5 0.5] ` [0. 0.]
(3, 1) | 2 | 1x,03,14,0A, ` [0.5 0.5] ` [0. 0.]
(3, 1) | 2 | 1x,03,15,0A, ` [0.5 0.5] ` [0. 0.]
(3, 1) | 2 | 1x,04, ` [0.2 0.2 0.2 0.2 0.2] ` [0. 0. 0. 0. 0.]
(3, 1) | 2 | 1x,04,14,0A, ` [0.5 0.5] ` [0. 0.]
(3, 1) | 2 | 1x,04,15,0A, ` [0.5 0.5] ` [0. 0.]
(3, 1) | 2 | 1x,05, ` [0.25 0.25 0.25 0.25] ` [0. 0. 0. 0.]
(3, 1) | 2 | 1x,05,15,0A, ` [0.5 0.5] ` [0. 0.]
(3, 1) | 2 | 1x,0A, ` [0.5 0.5] ` [0. 0.]
(3, 1) | 2 | 11,01, ` [0.  0.5 0.5] ` [-2.67672008  1.33836004  1.33836004]
(3, 1) | 2 | 11,02, ` [0.33333333 0.33333333 0.33333333] ` [0. 0. 0.]
(3, 1) | 2 | 11,03, ` [0.33333333 0.33333333 0.33333333] ` [0. 0. 0.]
(3, 1) | 2 | 11,04, ` [0.33333333 0.33333333 0.33333333] ` [0. 0. 0.]
(3, 1) | 2 | 11,05, ` [0.33333333 0.33333333 0.33333333] ` [0. 0. 0.]
(3, 1) | 2 | 11,0A, ` [0.5 0.5] ` [0. 0.]
(3, 1) | 2 | 12,02, ` [0.  0.5 0.5] ` [-0.20253165  0.10126582  0.10126582]
(3, 1) | 2 | 12,03, ` [0.33333333 0.33333333 0.33333333] ` [0. 0. 0.]
(3, 1) | 2 | 12,04, ` [0.33333333 0.33333333 0.33333333] ` [0. 0. 0.]
(3, 1) | 2 | 12,05, ` [0.33333333 0.33333333 0.33333333] ` [0. 0. 0.]
(3, 1) | 2 | 12,0A, ` [0.5 0.5] ` [0. 0.]
(3, 1) | 2 | 13,03, ` [0.33333333 0.33333333 0.33333333] ` [0. 0. 0.]
(3, 1) | 2 | 13,04, ` [0.33333333 0.33333333 0.33333333] ` [0. 0. 0.]
(3, 1) | 2 | 13,05, ` [0.33333333 0.33333333 0.33333333] ` [0. 0. 0.]
(3, 1) | 2 | 13,0A, ` [0.5 0.5] ` [0. 0.]
(3, 1) | 2 | 14,04, ` [0.33333333 0.33333333 0.33333333] ` [0. 0. 0.]
(3, 1) | 2 | 14,05, ` [0.33333333 0.33333333 0.33333333] ` [0. 0. 0.]
(3, 1) | 2 | 14,0A, ` [0.5 0.5] ` [0. 0.]
(3, 1) | 2 | 15,05, ` [0.33333333 0.33333333 0.33333333] ` [0. 0. 0.]
(3, 1) | 2 | 15,0A, ` [0.5 0.5] ` [0. 0.]
(5, 0) | 2 |  ` [0. 0. 0. 0. 0. 0. 1.] ` [-146.02204652 -110.02204652 -104.02204652  -92.02204652 -129.02204652
 -162.02204652  289.97795348]
(5, 0) | 2 | 1x,01, ` [0.         0.         0.00949094 0.28559103 0.26488352 0.22346851
 0.21656601 0.        ] ` [-4.42835394 -2.99115996  0.09880709  2.97319504  2.75761594  2.32645775
  2.25459805 -2.99115996]
(5, 0) | 2 | 1x,01,11,0A, ` [0. 1.] ` [-4.0720496  4.0720496]
(5, 0) | 2 | 1x,01,12,0A, ` [0. 1.] ` [-9.3037647  9.3037647]
(5, 0) | 2 | 1x,01,13,0A, ` [0. 1.] ` [-9.23406051  9.23406051]
(5, 0) | 2 | 1x,01,14,0A, ` [0. 1.] ` [-7.63456278  7.63456278]
(5, 0) | 2 | 1x,01,15,0A, ` [0. 1.] ` [-6.67723146  6.67723146]
(5, 0) | 2 | 1x,02, ` [0.         0.         0.38983051 0.30508475 0.30508475 0.
 0.        ] ` [-1.96211958 -0.71632937  1.43265874  1.12121119  1.12121119 -0.2803028
 -0.71632937]
(5, 0) | 2 | 1x,02,12,0A, ` [0. 1.] ` [-5.74843196  5.74843196]
(5, 0) | 2 | 1x,02,13,0A, ` [0. 1.] ` [-3.66585434  3.66585434]
(5, 0) | 2 | 1x,02,14,0A, ` [0. 1.] ` [-3.29748822  3.29748822]
(5, 0) | 2 | 1x,02,15,0A, ` [0.5 0.5] ` [0. 0.]
(5, 0) | 2 | 1x,03, ` [0.         0.         0.2998325  0.32998325 0.37018425 0.        ] ` [-0.0636783  -0.01145919  0.0259645   0.02857546  0.03205673 -0.01145919]
(5, 0) | 2 | 1x,03,13,0A, ` [0. 1.] ` [-0.0987611  0.0987611]
(5, 0) | 2 | 1x,03,14,0A, ` [0. 1.] ` [-0.10778733  0.10778733]
(5, 0) | 2 | 1x,03,15,0A, ` [0. 1.] ` [-0.10392021  0.10392021]
(5, 0) | 2 | 1x,04, ` [0.         0.         0.48450426 0.46594812 0.04954762] ` [-41.88847264 -21.09530364  15.59342291  14.9962066    1.59465474]
(5, 0) | 2 | 1x,04,14,0A, ` [0. 1.] ` [-57.47894503   2.22487864]
(5, 0) | 2 | 1x,04,15,0A, ` [0. 1.] ` [-48.13603111   2.32161249]
(5, 0) | 2 | 1x,05, ` [0.         0.         0.20769231 0.79230769] ` [-27.9548512   -3.64628494   6.56331289  25.03782325]
(5, 0) | 2 | 1x,05,15,0A, ` [0. 1.] ` [-23.48224703  23.48224703]
(5, 0) | 2 | 1x,0A, ` [0. 1.] ` [-90.18632193  63.02863662]
(5, 0) | 2 | 11,01, ` [0.33333333 0.33333333 0.33333333] ` [0. 0. 0.]
(5, 0) | 2 | 11,02, ` [0.33333333 0.33333333 0.33333333] ` [0. 0. 0.]
(5, 0) | 2 | 11,03, ` [0. 0. 1.] ` [-12.77722161  -1.82531737  14.60253898]
(5, 0) | 2 | 11,04, ` [0. 0. 1.] ` [-33.99030222  -6.18005495  40.17035717]
(5, 0) | 2 | 11,05, ` [0. 0. 1.] ` [-37.78167274  -3.28536285  41.06703559]
(5, 0) | 2 | 11,0A, ` [0. 1.] ` [-121.72270167   40.80060589]
(5, 0) | 2 | 12,02, ` [0.         0.03746398 0.96253602] ` [-16.85739011   0.63154487  16.22584524]
(5, 0) | 2 | 12,03, ` [0.         0.04477612 0.95522388] ` [-19.92010824   0.89194515  19.0281631 ]
(5, 0) | 2 | 12,04, ` [0.         0.05494505 0.94505495] ` [-22.34601558   1.22780305  21.11821252]
(5, 0) | 2 | 12,05, ` [0.        0.1790393 0.8209607] ` [-10.48182691   1.87665897   8.60516794]
(5, 0) | 2 | 12,0A, ` [0. 1.] ` [-162.2158736   116.66615134]
(5, 0) | 2 | 13,03, ` [0. 0. 1.] ` [-55.01919387   0.          55.01919387]
(5, 0) | 2 | 13,04, ` [0.         0.07142857 0.92857143] ` [-22.8367122    1.63119373  21.20551847]
(5, 0) | 2 | 13,05, ` [0.         0.13793103 0.86206897] ` [-3.54272212  0.48865133  3.05407079]
(5, 0) | 2 | 13,0A, ` [0. 1.] ` [-193.98465895   89.42497167]
(5, 0) | 2 | 14,04, ` [0.         0.16693679 0.83306321] ` [-22.57760237   3.76903249  18.80856988]
(5, 0) | 2 | 14,05, ` [0.      0.21875 0.78125] ` [-16.49058501   3.60731547  12.88326954]
(5, 0) | 2 | 14,0A, ` [0. 1.] ` [-127.13067558   93.42566576]
(5, 0) | 2 | 15,05, ` [0.33333333 0.33333333 0.33333333] ` [0. 0. 0.]
(5, 0) | 2 | 15,0A, ` [0. 1.] ` [-134.82235778  134.82235778]
(1, 3) | 2 |  ` [0.         0.01084011 0.06775068 0.         0.         0.
 0.92140921] ` [-12.42857143   0.57142857   3.57142857  -3.42857143 -13.42857143
 -23.42857143  48.57142857]
(1, 3) | 2 | 1x,01, ` [0.125 0.125 0.125 0.125 0.125 0.125 0.125 0.125] ` [0. 0. 0. 0. 0. 0. 0. 0.]
(1, 3) | 2 | 1x,01,11,0A, ` [0.5 0.5] ` [0. 0.]
(1, 3) | 2 | 1x,01,12,0A, ` [0.5 0.5] ` [0. 0.]
(1, 3) | 2 | 1x,01,13,0A, ` [0.5 0.5] ` [0. 0.]
(1, 3) | 2 | 1x,01,14,0A, ` [0.5 0.5] ` [0. 0.]
(1, 3) | 2 | 1x,01,15,0A, ` [0.5 0.5] ` [0. 0.]
(1, 3) | 2 | 1x,02, ` [0.         0.         0.04576503 0.         0.         0.
 0.95423497] ` [-7.67900584 -4.62051134  0.73185404 -0.03276958 -0.79739321 -2.861877
 15.25970292]
(1, 3) | 2 | 1x,02,12,0A, ` [0. 1.] ` [-14.52784888  14.52784888]
(1, 3) | 2 | 1x,02,13,0A, ` [0. 1.] ` [-15.29247251  15.29247251]
(1, 3) | 2 | 1x,02,14,0A, ` [0. 1.] ` [-16.05709613  16.05709613]
(1, 3) | 2 | 1x,02,15,0A, ` [0. 1.] ` [-10.04879703  10.04879703]
(1, 3) | 2 | 1x,03, ` [0. 0. 0. 0. 0. 1.] ` [-8.26966364 -3.2745648  -0.77701538 -1.60953185 -2.77505491 16.70583058]
(1, 3) | 2 | 1x,03,13,0A, ` [0. 1.] ` [-17.48284595  17.48284595]
(1, 3) | 2 | 1x,03,14,0A, ` [0. 1.] ` [-18.31536243  18.31536243]
(1, 3) | 2 | 1x,03,15,0A, ` [0. 1.] ` [-13.25292579  13.25292579]
(1, 3) | 2 | 1x,04, ` [0. 0. 0. 0. 1.] ` [-35.5606896   -7.66995266 -11.15629478 -14.64263689  69.02957392]
(1, 3) | 2 | 1x,04,14,0A, ` [0. 1.] ` [-80.1858687  80.1858687]
(1, 3) | 2 | 1x,04,15,0A, ` [0. 1.] ` [-83.67221082  83.67221082]
(1, 3) | 2 | 1x,05, ` [0. 0. 0. 1.] ` [-39.33714316  -4.37079368 -21.85396842  65.56190527]
(1, 3) | 2 | 1x,05,15,0A, ` [0. 1.] ` [-87.41587369  87.41587369]
(1, 3) | 2 | 1x,0A, ` [0. 1.] ` [-21.29824253  21.29824253]
(1, 3) | 2 | 11,01, ` [0. 0. 1.] ` [-19.08045048 -10.04234236  29.12279284]
(1, 3) | 2 | 11,02, ` [0. 0. 1.] ` [-12.97572435  -5.19028974  18.16601409]
(1, 3) | 2 | 11,03, ` [0. 0. 1.] ` [-22.79165953  -6.51190272  29.30356225]
(1, 3) | 2 | 11,04, ` [0. 0. 1.] ` [-29.7977491   -5.41777256  35.21552166]
(1, 3) | 2 | 11,05, ` [0. 0. 1.] ` [-30.51188971  -2.6532078   33.16509751]
(1, 3) | 2 | 11,0A, ` [0. 1.] ` [-29.93476925  29.93476925]
(1, 3) | 2 | 12,02, ` [0. 0. 1.] ` [-13.90667495  -3.02319021  16.92986516]
(1, 3) | 2 | 12,03, ` [0. 0. 1.] ` [-12.93191911  -1.61648989  14.548409  ]
(1, 3) | 2 | 12,04, ` [0. 0. 1.] ` [-5.95905006 -0.238362    6.19741207]
(1, 3) | 2 | 12,05, ` [0.33333333 0.33333333 0.33333333] ` [0. 0. 0.]
(1, 3) | 2 | 12,0A, ` [0. 1.] ` [-134.76333483  134.76333483]
(1, 3) | 2 | 13,03, ` [0.33333333 0.33333333 0.33333333] ` [0. 0. 0.]
(1, 3) | 2 | 13,04, ` [0.33333333 0.33333333 0.33333333] ` [0. 0. 0.]
(1, 3) | 2 | 13,05, ` [0.33333333 0.33333333 0.33333333] ` [0. 0. 0.]
(1, 3) | 2 | 13,0A, ` [0. 1.] ` [-180.  180.]
(1, 3) | 2 | 14,04, ` [0.33333333 0.33333333 0.33333333] ` [0. 0. 0.]
(1, 3) | 2 | 14,05, ` [0.33333333 0.33333333 0.33333333] ` [0. 0. 0.]
(1, 3) | 2 | 14,0A, ` [0. 1.] ` [-190.  190.]
(1, 3) | 2 | 15,05, ` [0.33333333 0.33333333 0.33333333] ` [0. 0. 0.]
(1, 3) | 2 | 15,0A, ` [0. 1.] ` [-200.  200.]
(5, 0) | 2 | 1x, ` [0.         0.19326501 0.1317716  0.         0.         0.
 0.6749634 ] ` [-29.15185602   6.53318335   4.45444319  -1.78177728  -1.08886389
  -1.78177728  22.81664792]
(5, 0) | 2 | 1x,01,11, ` [0.33333333 0.33333333 0.33333333] ` [0. 0. 0.]
(5, 0) | 2 | 1x,01,12, ` [0. 0. 1.] ` [-0.94852143 -0.13550306  1.0840245 ]
(5, 0) | 2 | 1x,01,13, ` [0. 0. 1.] ` [-8.68759405 -0.28024497  8.96783902]
(5, 0) | 2 | 1x,01,14, ` [0.         0.05882353 0.94117647] ` [-9.52832896  0.56048994  8.96783902]
(5, 0) | 2 | 1x,01,15, ` [0.         0.13513514 0.86486486] ` [-10.36906387   1.40122485   8.96783902]
(5, 0) | 2 | 1x,01,1A, ` [0. 1.] ` [-13.45175853  13.45175853]
(5, 0) | 2 | 1x,02,12, ` [0.         0.02857143 0.97142857] ` [-10.10498688   0.28871391   9.81627297]
(5, 0) | 2 | 1x,02,13, ` [0.         0.10526316 0.89473684] ` [-10.97112861   1.15485564   9.81627297]
(5, 0) | 2 | 1x,02,14, ` [0.         0.17073171 0.82926829] ` [-11.83727034   2.02099738   9.81627297]
(5, 0) | 2 | 1x,02,15, ` [0.33333333 0.33333333 0.33333333] ` [0. 0. 0.]
(5, 0) | 2 | 1x,02,1A, ` [0. 1.] ` [-14.72440945  14.72440945]
(5, 0) | 2 | 1x,03,13, ` [0.  0.2 0.8] ` [-8.66141732  1.73228346  6.92913386]
(5, 0) | 2 | 1x,03,14, ` [0.   0.25 0.75] ` [-9.23884514  2.30971129  6.92913386]
(5, 0) | 2 | 1x,03,15, ` [0.         0.29411765 0.70588235] ` [-9.81627297  2.88713911  6.92913386]
(5, 0) | 2 | 1x,03,1A, ` [0. 1.] ` [-10.39370079  10.39370079]
(5, 0) | 2 | 1x,04,14, ` [0.         0.30909091 0.69090909] ` [-12.70341207   3.92650919   8.77690289]
(5, 0) | 2 | 1x,04,15, ` [0.         0.34482759 0.65517241] ` [-13.39632546   4.61942257   8.77690289]
(5, 0) | 2 | 1x,04,1A, ` [0. 1.] ` [-13.16535433  13.16535433]
(5, 0) | 2 | 1x,05,15, ` [0.         0.38461538 0.61538462] ` [-18.7664042    7.21784777  11.54855643]
(5, 0) | 2 | 1x,05,1A, ` [0. 1.] ` [-17.32283465  17.32283465]
(5, 0) | 2 | 11, ` [0.125 0.125 0.125 0.125 0.125 0.125 0.125 0.125] ` [0. 0. 0. 0. 0. 0. 0. 0.]
(5, 0) | 2 | 11,01,1A, ` [0.5 0.5] ` [0. 0.]
(5, 0) | 2 | 11,02,1A, ` [0.5 0.5] ` [0. 0.]
(5, 0) | 2 | 11,03,1A, ` [0.5 0.5] ` [0. 0.]
(5, 0) | 2 | 11,04,1A, ` [0.5 0.5] ` [0. 0.]
(5, 0) | 2 | 11,05,1A, ` [0.5 0.5] ` [0. 0.]
(5, 0) | 2 | 12, ` [0.14285714 0.14285714 0.14285714 0.14285714 0.14285714 0.14285714
 0.14285714] ` [0. 0. 0. 0. 0. 0. 0.]
(5, 0) | 2 | 12,02,1A, ` [0.5 0.5] ` [0. 0.]
(5, 0) | 2 | 12,03,1A, ` [0.5 0.5] ` [0. 0.]
(5, 0) | 2 | 12,04,1A, ` [0.5 0.5] ` [0. 0.]
(5, 0) | 2 | 12,05,1A, ` [0.5 0.5] ` [0. 0.]
(5, 0) | 2 | 13, ` [0.16666667 0.16666667 0.16666667 0.16666667 0.16666667 0.16666667] ` [0. 0. 0. 0. 0. 0.]
(5, 0) | 2 | 13,03,1A, ` [0.5 0.5] ` [0. 0.]
(5, 0) | 2 | 13,04,1A, ` [0.5 0.5] ` [0. 0.]
(5, 0) | 2 | 13,05,1A, ` [0.5 0.5] ` [0. 0.]
(5, 0) | 2 | 14, ` [0.         0.         0.06451613 0.09139785 0.84408602] ` [-17.3496063   -2.86141732   1.30393701   1.84724409  17.05984252]
(5, 0) | 2 | 14,04,1A, ` [0. 1.] ` [-13.88451444  13.88451444]
(5, 0) | 2 | 14,05,1A, ` [0. 1.] ` [-14.48818898  14.48818898]
(5, 0) | 2 | 15, ` [0.         0.         0.11111111 0.88888889] ` [-24.56692913  -0.94488189   2.83464567  22.67716535]
(5, 0) | 2 | 15,05,1A, ` [0. 1.] ` [-19.68503937  19.68503937]
(5, 0) | 2 | 1A, ` [0. 1.] ` [-35.43307087  35.43307087]
